  5.0000        3.49
  5.0600        6.43
  5.1200        0.95
  5.1800        0.00
  5.2400        0.00
  5.3000        1.80
  5.3600        1.40
  5.4200        0.00
  5.4800        7.36
  5.5400        8.05
  5.6000       17.09
  5.6600        0.00
  5.7200       13.93
  5.7800        2.78
  5.8400        0.00
  5.9000       13.59
  5.9600       12.31
  6.0200       17.13
  6.0800       13.57
  6.1400       16.21
  6.2000       24.59
  6.2600       12.01
  6.3200       18.07
  6.3800       18.84
  6.4400       17.55
  6.5000       12.52
  6.5600       17.40
  6.6200       22.61
  6.6800       12.23
  6.7400       19.66
  6.8000       26.95
  6.8600       29.18
  6.9200       25.30
  6.9800       37.30
  7.0400       42.47
  7.1000       54.33
  7.1600       69.64
  7.2200      113.90
  7.2800       62.06
  7.3400       39.28
  7.4000       27.88
  7.4600       29.28
  7.5200       14.52
  7.5800       19.15
  7.6400       19.48
  7.7000       13.95
  7.7600       18.01
  7.8200       21.24
  7.8800       22.56
  7.9400       12.54
  8.0000       17.61
  8.0600       16.23
  8.1200       20.86
  8.1800       12.35
  8.2400       20.37
  8.3000       14.90
  8.3600       16.39
  8.4200        4.38
  8.4800       17.41
  8.5400       14.07
  8.6000       10.04
  8.6600       18.37
  8.7200       10.69
  8.7800        0.00
  8.8400        8.69
  8.9000        9.71
  8.9600        7.41
  9.0200        7.89
  9.0800        3.13
  9.1400        1.51
  9.2000        0.64
  9.2600        0.00
  9.3200        7.11
  9.3800        0.00
  9.4400        5.90
  9.5000        4.56
  9.5600        0.00
  9.6200        1.47
  9.6800        0.00
  9.7400        8.04
  9.8000        9.80
  9.8600        5.96
  9.9200       12.18
  9.9800       15.44
 10.0400       16.91
 10.1000       13.85
 10.1600       59.16
 10.2200       69.53
 10.2800       31.21
 10.3400        9.89
 10.4000       11.92
 10.4600        4.62
 10.5200        5.24
 10.5800        2.98
 10.6400        9.23
 10.7000        1.13
 10.7600        3.67
 10.8200        4.67
 10.8800        3.88
 10.9400       10.50
 11.0000        1.93
 11.0600        0.00
 11.1200        5.85
 11.1800        0.00
 11.2400        1.50
 11.3000        0.45
 11.3600       10.90
 11.4200        4.46
 11.4800        0.00
 11.5400        7.73
 11.6000        7.50
 11.6600        1.52
 11.7200        4.38
 11.7800        4.13
 11.8400        1.59
 11.9000        0.49
 11.9600        5.71
 12.0200        1.47
 12.0800        2.97
 12.1400        7.68
 12.2000        1.86
 12.2600       11.82
 12.3200       10.52
 12.3800        8.50
 12.4400        3.34
 12.5000       15.30
 12.5600       11.08
 12.6200        7.93
 12.6800       11.95
 12.7400        5.79
 12.8000        4.76
 12.8600        0.00
 12.9200        8.42
 12.9800        9.27
 13.0400       11.19
 13.1000       17.88
 13.1600        8.05
 13.2200        2.52
 13.2800       16.01
 13.3400        0.00
 13.4000       10.28
 13.4600        8.42
 13.5200       14.68
 13.5800        5.86
 13.6400        0.00
 13.7000        7.22
 13.7600        2.21
 13.8200        9.75
 13.8800        7.71
 13.9400       13.68
 14.0000        0.13
 14.0600        6.81
 14.1200        4.74
 14.1800       10.92
 14.2400        1.65
 14.3000        8.54
 14.3600       11.48
 14.4200       15.72
 14.4800       17.21
 14.5400        8.99
 14.6000        9.87
 14.6600       15.89
 14.7200        9.46
 14.7800        6.02
 14.8400        4.85
 14.9000        1.16
 14.9600       10.99
 15.0200       13.64
 15.0800        3.12
 15.1400        5.28
 15.2000        2.05
 15.2600        5.76
 15.3200        4.45
 15.3800       11.27
 15.4400       11.74
 15.5000        8.98
 15.5600       12.08
 15.6200        8.00
 15.6800        2.84
 15.7400       15.75
 15.8000        7.47
 15.8600        9.85
 15.9200        6.59
 15.9800       10.63
 16.0400       19.58
 16.1000       21.11
 16.1600       43.21
 16.2200       50.96
 16.2800       39.07
 16.3400       26.22
 16.4000       14.69
 16.4600       12.37
 16.5200        6.09
 16.5800        3.40
 16.6400        4.30
 16.7000        9.74
 16.7600        0.00
 16.8200        0.00
 16.8800       10.00
 16.9400       10.52
 17.0000        0.00
 17.0600        4.24
 17.1200       10.12
 17.1800        5.23
 17.2400       10.15
 17.3000       11.82
 17.3600        7.87
 17.4200        5.94
 17.4800        2.69
 17.5400        0.75
 17.6000       10.77
 17.6600        9.05
 17.7200        3.01
 17.7800       10.48
 17.8400        7.18
 17.9000        6.62
 17.9600       14.31
 18.0200        0.00
 18.0800        9.30
 18.1400        3.79
 18.2000        5.57
 18.2600       11.41
 18.3200        7.66
 18.3800        7.72
 18.4400        4.07
 18.5000        0.00
 18.5600       12.15
 18.6200        7.62
 18.6800        8.22
 18.7400        7.84
 18.8000        5.66
 18.8600        7.53
 18.9200        0.53
 18.9800       19.60
 19.0400       11.97
 19.1000        1.21
 19.1600        6.12
 19.2200       10.65
 19.2800        4.63
 19.3400        7.93
 19.4000        4.03
 19.4600        0.00
 19.5200        0.00
 19.5800        0.00
 19.6400        9.93
 19.7000       12.40
 19.7600        8.88
 19.8200        4.38
 19.8800        9.32
 19.9400        8.50
 20.0000        8.02
 20.0600        8.47
 20.1200       17.41
 20.1800       10.77
 20.2400        8.42
 20.3000       10.36
 20.3600       15.76
 20.4200       22.69
 20.4800       19.67
 20.5400       23.46
 20.6000       28.06
 20.6600       18.41
 20.7200       19.15
 20.7800       20.36
 20.8400       22.98
 20.9000       30.02
 20.9600       63.24
 21.0200      115.37
 21.0800      195.84
 21.1400      347.02
 21.2000      718.88
 21.2600     1000.00
 21.3200      761.82
 21.3800      432.32
 21.4400      226.43
 21.5000      127.88
 21.5600       67.01
 21.6200       33.18
 21.6800       26.86
 21.7400       15.62
 21.8000       11.55
 21.8600       21.47
 21.9200       18.58
 21.9800        4.54
 22.0400        5.82
 22.1000        9.12
 22.1600        7.62
 22.2200        1.09
 22.2800        0.05
 22.3400        4.16
 22.4000        2.27
 22.4600        0.00
 22.5200        0.00
 22.5800        0.00
 22.6400        3.28
 22.7000        4.36
 22.7600        5.91
 22.8200        0.00
 22.8800        4.94
 22.9400        2.77
 23.0000        0.97
 23.0600        0.00
 23.1200        0.00
 23.1800        9.79
 23.2400        4.28
 23.3000        0.00
 23.3600        2.47
 23.4200        8.45
 23.4800        1.39
 23.5400        1.03
 23.6000        3.20
 23.6600        1.66
 23.7200        3.24
 23.7800        6.86
 23.8400       12.52
 23.9000       15.91
 23.9600       25.90
 24.0200       61.87
 24.0800       76.42
 24.1400      108.10
 24.2000      102.33
 24.2600       82.21
 24.3200       64.14
 24.3800       54.33
 24.4400       55.79
 24.5000       64.21
 24.5600       99.09
 24.6200      119.15
 24.6800       93.14
 24.7400       61.29
 24.8000       33.04
 24.8600       26.59
 24.9200       12.39
 24.9800       12.08
 25.0400       12.27
 25.1000       22.17
 25.1600        2.54
 25.2200        9.49
 25.2800       13.71
 25.3400        0.00
 25.4000       28.08
 25.4600       19.91
 25.5200        3.28
 25.5800       15.63
 25.6400       25.01
 25.7000       18.49
 25.7600       17.75
 25.8200       28.64
 25.8800       21.00
 25.9400       26.91
 26.0000       32.61
 26.0600       25.29
 26.1200       23.02
 26.1800       22.93
 26.2400       25.98
 26.3000       26.18
 26.3600       28.80
 26.4200       28.70
 26.4800       28.14
 26.5400       20.08
 26.6000       25.80
 26.6600       32.87
 26.7200       15.19
 26.7800       23.27
 26.8400       26.84
 26.9000       32.22
 26.9600       26.74
 27.0200       23.33
 27.0800       38.97
 27.1400       46.74
 27.2000       47.95
 27.2600       30.77
 27.3200       44.37
 27.3800       36.81
 27.4400       34.07
 27.5000       33.75
 27.5600       24.36
 27.6200       33.08
 27.6800       30.33
 27.7400       16.23
 27.8000       21.32
 27.8600       34.93
 27.9200       20.56
 27.9800       19.26
 28.0400       20.26
 28.1000       17.58
 28.1600       16.12
 28.2200       23.66
 28.2800       26.68
 28.3400       22.06
 28.4000       10.29
 28.4600       16.62
 28.5200       13.63
 28.5800       15.22
 28.6400       16.95
 28.7000       15.71
 28.7600       17.37
 28.8200       23.83
 28.8800       15.84
 28.9400       20.19
 29.0000       28.04
 29.0600       13.88
 29.1200       42.36
 29.1800       52.66
 29.2400       51.97
 29.3000       91.51
 29.3600      135.02
 29.4200      139.29
 29.4800      110.79
 29.5400       68.90
 29.6000       49.41
 29.6600       26.94
 29.7200       24.48
 29.7800       17.84
 29.8400       25.93
 29.9000       21.36
 29.9600       36.42
 30.0200       32.59
 30.0800       34.88
 30.1400       33.22
 30.2000       34.81
 30.2600       30.67
 30.3200       24.26
 30.3800       20.14
 30.4400       21.17
 30.5000       22.93
 30.5600       14.65
 30.6200        9.84
 30.6800       11.03
 30.7400        8.99
 30.8000       18.44
 30.8600       11.75
 30.9200       23.25
 30.9800       18.71
 31.0400       15.14
 31.1000        9.78
 31.1600       14.35
 31.2200       13.31
 31.2800        2.92
 31.3400        5.11
 31.4000        4.90
 31.4600        3.38
 31.5200        9.27
 31.5800        6.07
 31.6400        0.00
 31.7000       11.64
 31.7600        6.52
 31.8200       13.12
 31.8800        0.00
 31.9400       10.77
 32.0000       20.11
 32.0600       12.10
 32.1200        1.81
 32.1800        6.36
 32.2400        8.39
 32.3000        0.00
 32.3600        8.95
 32.4200        0.00
 32.4800        0.00
 32.5400        0.82
 32.6000        4.00
 32.6600        1.18
 32.7200        0.00
 32.7800        0.00
 32.8400        0.11
 32.9000        1.20
 32.9600        0.00
 33.0200        5.76
 33.0800        2.04
 33.1400        3.45
 33.2000        0.00
 33.2600        0.00
 33.3200        4.14
 33.3800        7.18
 33.4400        0.00
 33.5000        5.57
 33.5600        2.82
 33.6200        3.06
 33.6800        2.92
 33.7400        0.13
 33.8000        2.00
 33.8600       15.11
 33.9200        4.86
 33.9800       13.99
 34.0400        6.10
 34.1000        8.98
 34.1600       10.88
 34.2200       13.01
 34.2800       15.60
 34.3400       22.60
 34.4000       23.48
 34.4600       36.32
 34.5200       40.16
 34.5800       30.11
 34.6400       27.94
 34.7000       38.09
 34.7600       54.91
 34.8200       82.74
 34.8800      125.39
 34.9400      188.72
 35.0000      285.08
 35.0600      371.12
 35.1200      323.23
 35.1800      252.11
 35.2400      149.62
 35.3000       92.59
 35.3600       49.67
 35.4200       37.84
 35.4800       28.28
 35.5400       30.91
 35.6000       33.29
 35.6600       31.58
 35.7200       40.75
 35.7800       56.85
 35.8400       56.06
 35.9000       49.87
 35.9600       48.81
 36.0200       36.48
 36.0800       29.54
 36.1400       16.35
 36.2000       22.78
 36.2600       17.23
 36.3200       16.57
 36.3800       12.43
 36.4400       14.50
 36.5000       15.00
 36.5600       16.93
 36.6200        8.79
 36.6800       11.42
 36.7400        9.96
 36.8000        9.09
 36.8600       10.01
 36.9200       19.41
 36.9800        2.60
 37.0400        9.59
 37.1000       14.89
 37.1600        9.18
 37.2200       17.10
 37.2800       23.81
 37.3400       14.60
 37.4000       18.07
 37.4600       13.16
 37.5200       19.96
 37.5800       24.48
 37.6400       21.46
 37.7000       19.75
 37.7600       29.04
 37.8200       25.04
 37.8800       33.60
 37.9400       38.80
 38.0000       47.83
 38.0600       40.58
 38.1200       35.48
 38.1800       26.90
 38.2400       19.52
 38.3000       15.60
 38.3600       18.51
 38.4200       11.35
 38.4800       11.02
 38.5400        7.45
 38.6000        8.18
 38.6600        6.28
 38.7200        9.41
 38.7800        6.55
 38.8400        8.12
 38.9000       11.00
 38.9600        9.34
 39.0200        7.79
 39.0800        3.37
 39.1400        5.78
 39.2000        5.91
 39.2600        8.55
 39.3200        3.29
 39.3800        7.73
 39.4400        7.15
 39.5000        0.00
 39.5600        5.14
 39.6200        7.20
 39.6800       11.28
 39.7400        8.67
 39.8000       10.73
 39.8600        7.77
 39.9200       12.82
 39.9800        5.08
 40.0400       15.88
 40.1000        5.75
 40.1600        9.38
 40.2200       11.58
 40.2800       14.86
 40.3400        4.26
 40.4000       11.14
 40.4600        8.57
 40.5200        5.28
 40.5800       10.25
 40.6400        8.89
 40.7000       14.35
 40.7600        8.69
 40.8200       12.73
 40.8800       12.22
 40.9400       11.84
 41.0000        9.31
 41.0600       22.81
 41.1200       20.65
 41.1800       42.31
 41.2400       58.11
 41.3000       73.19
 41.3600       95.94
 41.4200       83.51
 41.4800       75.63
 41.5400       59.98
 41.6000       44.69
 41.6600       23.54
 41.7200       23.11
 41.7800        9.51
 41.8400       11.23
 41.9000        3.15
 41.9600        4.77
 42.0200        8.54
 42.0800        6.46
 42.1400        0.00
 42.2000        0.00
 42.2600        1.91
 42.3200        1.76
 42.3800        3.53
 42.4400        0.16
 42.5000        1.34
 42.5600        0.60
 42.6200        0.48
 42.6800        0.00
 42.7400        0.00
 42.8000        2.75
 42.8600        5.74
 42.9200        3.36
 42.9800        2.30
 43.0400        4.47
 43.1000        6.16
 43.1600       13.01
 43.2200       30.51
 43.2800       31.14
 43.3400       30.45
 43.4000       27.61
 43.4600       27.65
 43.5200       11.77
 43.5800        8.10
 43.6400        7.42
 43.7000       11.42
 43.7600        6.92
 43.8200        5.53
 43.8800        3.78
 43.9400        0.00
 44.0000        5.20
 44.0600        0.00
 44.1200        3.99
 44.1800        0.45
 44.2400       12.12
 44.3000        5.83
 44.3600        0.00
 44.4200       12.04
 44.4800        9.82
 44.5400        9.39
 44.6000        9.80
 44.6600       11.17
 44.7200        8.95
 44.7800        7.80
 44.8400       11.68
 44.9000        3.82
 44.9600        4.35
 45.0200       10.85
 45.0800        3.12
 45.1400        8.90
 45.2000        1.04
 45.2600        2.87
 45.3200        5.05
 45.3800        9.03
 45.4400        0.00
 45.5000        7.52
 45.5600       11.13
 45.6200       10.67
 45.6800        5.66
 45.7400       12.37
 45.8000       10.70
 45.8600       14.65
 45.9200       17.16
 45.9800       11.77
 46.0400        7.46
 46.1000       10.91
 46.1600        8.86
 46.2200       17.69
 46.2800       15.63
 46.3400       19.31
 46.4000       18.31
 46.4600       20.31
 46.5200       21.34
 46.5800       14.10
 46.6400       15.00
 46.7000        6.09
 46.7600        5.54
 46.8200        6.54
 46.8800        6.71
 46.9400        7.10
 47.0000       16.11
 47.0600        8.83
 47.1200       10.29
 47.1800       12.46
 47.2400        9.47
 47.3000        5.65
 47.3600       11.75
 47.4200       12.10
 47.4800       19.39
 47.5400       16.38
 47.6000       12.76
 47.6600       10.46
 47.7200       11.74
 47.7800       15.28
 47.8400       12.24
 47.9000       16.62
 47.9600       24.58
 48.0200       22.96
 48.0800       23.97
 48.1400       31.67
 48.2000       37.58
 48.2600       32.34
 48.3200       31.06
 48.3800       22.46
 48.4400       27.87
 48.5000       11.48
 48.5600       11.85
 48.6200       10.90
 48.6800        8.26
 48.7400        7.90
 48.8000        7.05
 48.8600        7.27
 48.9200        2.35
 48.9800        5.79
 49.0400       11.15
 49.1000       12.19
 49.1600        1.86
 49.2200       14.15
 49.2800        2.02
 49.3400       11.42
 49.4000       10.66
 49.4600       14.79
 49.5200        8.99
 49.5800        5.81
 49.6400        9.10
 49.7000        5.56
 49.7600        6.69
 49.8200        4.22
 49.8800        4.98
 49.9400        9.33
 50.0000        9.25
 50.0600        4.98
 50.1200        9.20
 50.1800        7.80
 50.2400       14.78
 50.3000       18.52
 50.3600       15.91
 50.4200       22.40
 50.4800       16.33
 50.5400       19.11
 50.6000       20.57
 50.6600       19.16
 50.7200        8.77
 50.7800       13.58
 50.8400        8.82
 50.9000        8.36
 50.9600       15.93
 51.0200        5.54
 51.0800        7.48
 51.1400        9.66
 51.2000       10.05
 51.2600       14.02
 51.3200        9.62
 51.3800       14.56
 51.4400        7.65
 51.5000        4.09
 51.5600        3.89
 51.6200        4.76
 51.6800        5.88
 51.7400        5.92
 51.8000       12.78
 51.8600        8.16
 51.9200        1.39
 51.9800        3.35
 52.0400        1.73
 52.1000       11.96
 52.1600        5.44
 52.2200        0.00
 52.2800        7.84
 52.3400        4.19
 52.4000        3.43
 52.4600        2.90
 52.5200        5.49
 52.5800        2.94
 52.6400        2.55
 52.7000        6.71
 52.7600       10.15
 52.8200        7.50
 52.8800        7.60
 52.9400        8.90
 53.0000        3.74
 53.0600        0.00
 53.1200       10.68
 53.1800        1.35
 53.2400        3.51
 53.3000        1.48
 53.3600        0.66
 53.4200        3.91
 53.4800        4.30
 53.5400        0.00
 53.6000        3.16
 53.6600        0.00
 53.7200        1.45
 53.7800        0.00
 53.8400        0.59
 53.9000        5.67
 53.9600        7.77
 54.0200        0.00
 54.0800        4.43
 54.1400        3.43
 54.2000        1.00
 54.2600        4.55
 54.3200        6.43
 54.3800        0.90
 54.4400        6.14
 54.5000        4.93
 54.5600        2.88
 54.6200        8.01
 54.6800        4.30
 54.7400       10.76
 54.8000        0.94
 54.8600       11.12
 54.9200        4.07
 54.9800        8.75
 55.0400       17.27
 55.1000       17.76
 55.1600       23.53
 55.2200       27.03
 55.2800       33.88
 55.3400       40.38
 55.4000       43.53
 55.4600       37.70
 55.5200       25.30
 55.5800       24.03
 55.6400       18.21
 55.7000        3.42
 55.7600        7.07
 55.8200        0.00
 55.8800        2.39
 55.9400        7.96
 56.0000        8.02
 56.0600        1.27
 56.1200        1.21
 56.1800        0.00
 56.2400        6.14
 56.3000       13.51
 56.3600        2.93
 56.4200        5.99
 56.4800        4.87
 56.5400        4.70
 56.6000        8.61
 56.6600       13.71
 56.7200        4.69
 56.7800       15.18
 56.8400       19.45
 56.9000       26.23
 56.9600       19.12
 57.0200       13.82
 57.0800       16.88
 57.1400       15.05
 57.2000       13.69
 57.2600        8.14
 57.3200       13.84
 57.3800       12.71
 57.4400        6.44
 57.5000        8.91
 57.5600        0.84
 57.6200        9.29
 57.6800        8.99
 57.7400        7.86
 57.8000       11.28
 57.8600       11.70
 57.9200        9.25
 57.9800       11.10
 58.0400       10.80
 58.1000       13.96
 58.1600        6.96
 58.2200       11.31
 58.2800        9.92
 58.3400       12.72
 58.4000        5.23
 58.4600       11.13
 58.5200        8.89
 58.5800        7.73
 58.6400        6.80
 58.7000       10.18
 58.7600       11.05
 58.8200        4.97
 58.8800        7.74
 58.9400        7.88
 59.0000        9.09
 59.0600       10.65
 59.1200       12.94
 59.1800       16.77
 59.2400       21.56
 59.3000       26.82
 59.3600       28.61
 59.4200       38.54
 59.4800       44.75
 59.5400       40.07
 59.6000       36.46
 59.6600       26.99
 59.7200       17.63
 59.7800       23.35
 59.8400       14.22
 59.9000        7.61
 59.9600       12.48
 60.0200        3.35
 60.0800       11.68
 60.1400       12.12
 60.2000        4.77
 60.2600        5.44
 60.3200        7.90
 60.3800        8.45
 60.4400        5.88
 60.5000       11.68
 60.5600        3.24
 60.6200        7.96
 60.6800        7.30
 60.7400        8.67
 60.8000       14.70
 60.8600       14.27
 60.9200       13.96
 60.9800       16.88
 61.0400       13.33
 61.1000       12.89
 61.1600        8.74
 61.2200        7.23
 61.2800       10.98
 61.3400        3.00
 61.4000       10.57
 61.4600        2.83
 61.5200        1.19
 61.5800        3.86
 61.6400        5.33
 61.7000       10.15
 61.7600        9.22
 61.8200        6.51
 61.8800        5.82
 61.9400        9.93
 62.0000        3.86
 62.0600        8.44
 62.1200        4.41
 62.1800        5.16
 62.2400        5.32
 62.3000        5.96
 62.3600        8.63
 62.4200        7.12
 62.4800        2.85
 62.5400       11.40
 62.6000       10.84
 62.6600       18.67
 62.7200       23.15
 62.7800       28.95
 62.8400       43.84
 62.9000       48.21
 62.9600       51.26
 63.0200       53.00
 63.0800       45.04
 63.1400       39.13
 63.2000       37.76
 63.2600       40.59
 63.3200       35.04
 63.3800       35.24
 63.4400       32.09
 63.5000       29.30
 63.5600       22.57
 63.6200       26.97
 63.6800       16.05
 63.7400       19.14
 63.8000        9.55
 63.8600       11.21
 63.9200       10.37
 63.9800        6.05
 64.0400        8.92
 64.1000        2.94
 64.1600        6.17
 64.2200        1.99
 64.2800        6.43
 64.3400        0.00
 64.4000        2.16
 64.4600        0.50
 64.5200        5.68
 64.5800        2.71
 64.6400       10.29
 64.7000       10.20
 64.7600       10.37
 64.8200       15.20
 64.8800       13.21
 64.9400       13.14
 65.0000       17.62
 65.0600       11.81
 65.1200        3.85
 65.1800        8.94
 65.2400        5.90
 65.3000        8.36
 65.3600        0.00
 65.4200        2.88
 65.4800        2.72
 65.5400        6.03
 65.6000        3.47
 65.6600        5.71
 65.7200        1.24
 65.7800        2.77
 65.8400        4.17
 65.9000        2.70
 65.9600        1.12
 66.0200        3.12
 66.0800        2.61
 66.1400        2.95
 66.2000        4.83
 66.2600        3.97
 66.3200        4.66
 66.3800        9.90
 66.4400        3.17
 66.5000        5.89
 66.5600       10.05
 66.6200        4.40
 66.6800        9.51
 66.7400        8.40
 66.8000        6.21
 66.8600       10.73
 66.9200       17.75
 66.9800       20.46
 67.0400       20.54
 67.1000       26.60
 67.1600       28.82
 67.2200       29.25
 67.2800       28.84
 67.3400       29.97
 67.4000       26.44
 67.4600       21.83
 67.5200       23.91
 67.5800       17.25
 67.6400       15.02
 67.7000       12.54
 67.7600        9.58
 67.8200        9.37
 67.8800       11.42
 67.9400        5.93
 68.0000        2.71
 68.0600        2.35
 68.1200        5.22
 68.1800        5.33
 68.2400        8.67
 68.3000        6.37
 68.3600        8.50
 68.4200        5.23
 68.4800        4.35
 68.5400        6.34
 68.6000        4.13
 68.6600        9.21
 68.7200        3.99
 68.7800        8.10
 68.8400        6.46
 68.9000        9.60
 68.9600        8.90
 69.0200       12.14
 69.0800        7.24
 69.1400        7.96
 69.2000       10.94
 69.2600        7.45
 69.3200        7.66
 69.3800        9.18
 69.4400        9.74
 69.5000       12.09
 69.5600       12.87
 69.6200       12.69
 69.6800       13.81
 69.7400        8.11
 69.8000       13.65
 69.8600        2.91
 69.9200       10.12
 69.9800        8.46
 70.0400        6.67
 70.1000       15.53
 70.1600        7.27
 70.2200        7.62
 70.2800        8.57
 70.3400        8.91
 70.4000        5.06
 70.4600        0.60
 70.5200        7.03
 70.5800        5.32
 70.6400        5.88
 70.7000       10.26
 70.7600        7.34
 70.8200        7.29
 70.8800        3.41
 70.9400        1.20
 71.0000        3.05
 71.0600        5.75
 71.1200        2.70
 71.1800        3.71
 71.2400        6.88
 71.3000        0.36
 71.3600        3.40
 71.4200        4.42
 71.4800        3.28
 71.5400        0.95
 71.6000        5.44
 71.6600        2.27
 71.7200        1.02
 71.7800        0.00
 71.8400        1.40
 71.9000        2.07
 71.9600        2.51
 72.0200        4.39
 72.0800        5.79
 72.1400        9.72
 72.2000       11.61
 72.2600        9.68
 72.3200        4.52
 72.3800       10.26
 72.4400        9.43
 72.5000        8.48
 72.5600        4.67
 72.6200        9.96
 72.6800        0.30
 72.7400        5.73
 72.8000        6.02
 72.8600        2.01
 72.9200        1.72
 72.9800        0.00
 73.0400        0.00
 73.1000        0.30
 73.1600        1.72
 73.2200        0.39
 73.2800        0.28
 73.3400        4.00
 73.4000        2.23
 73.4600        1.54
 73.5200        0.39
 73.5800        0.00
 73.6400        3.98
 73.7000        3.93
 73.7600        1.14
 73.8200        1.23
 73.8800        2.89
 73.9400        5.75
 74.0000        9.22
 74.0600        6.48
 74.1200        5.30
 74.1800       14.54
 74.2400        3.44
 74.3000       14.26
 74.3600        8.56
 74.4200        3.47
 74.4800        8.56
 74.5400        4.20
 74.6000        6.55
 74.6600        5.55
 74.7200       11.38
 74.7800        8.48
 74.8400        3.91
 74.9000        4.84
 74.9600        5.54
 75.0200        6.00
 75.0800        2.75
 75.1400        0.00
 75.2000        0.09
 75.2600        0.00
 75.3200        3.53
 75.3800        0.00
 75.4400        3.38
 75.5000        0.00
 75.5600        4.17
 75.6200        2.23
 75.6800        2.79
 75.7400        3.83
 75.8000        2.23
 75.8600        1.59
 75.9200        7.87
 75.9800       11.28
 76.0400        3.55
 76.1000        4.67
 76.1600        7.09
 76.2200        2.81
 76.2800        3.06
 76.3400        1.27
 76.4000        0.00
 76.4600        2.08
 76.5200        0.00
 76.5800        2.85
 76.6400        3.64
 76.7000        0.00
 76.7600        1.83
 76.8200        4.86
 76.8800        1.89
 76.9400        4.90
 77.0000        1.79
 77.0600        2.26
 77.1200        0.81
 77.1800        0.00
 77.2400        0.00
 77.3000        0.00
 77.3600        3.41
 77.4200        2.39
 77.4800        3.17
 77.5400        7.29
 77.6000        0.00
 77.6600        5.46
 77.7200        5.02
 77.7800        5.42
 77.8400        7.37
 77.9000        6.69
 77.9600        9.96
 78.0200        9.41
 78.0800        9.70
 78.1400       10.95
 78.2000       18.55
 78.2600       11.44
 78.3200       13.20
 78.3800        9.34
 78.4400        6.21
 78.5000        1.31
 78.5600        4.19
 78.6200        1.59
 78.6800        1.63
 78.7400        0.00
 78.8000        0.00
 78.8600        2.58
 78.9200        2.21
 78.9800        0.19
 79.0400        1.77
 79.1000        1.33
 79.1600        2.34
 79.2200        2.17
 79.2800        6.20
 79.3400        6.04
 79.4000        6.84
 79.4600        8.72
 79.5200        9.75
 79.5800        8.74
 79.6400        8.30
 79.7000        7.96
 79.7600        6.86
 79.8200        6.56
 79.8800        2.37
 79.9400        4.93
 80.0000        0.00
