  5.0000       25.70
  5.0600       27.25
  5.1200       27.61
  5.1800       26.99
  5.2400       26.95
  5.3000       28.59
  5.3600       29.94
  5.4200       28.94
  5.4800       28.88
  5.5400       28.11
  5.6000       29.30
  5.6600       29.46
  5.7200       28.46
  5.7800       29.03
  5.8400       28.81
  5.9000       29.30
  5.9600       29.19
  6.0200       29.45
  6.0800       28.65
  6.1400       29.70
  6.2000       30.57
  6.2600       28.73
  6.3200       27.82
  6.3800       29.35
  6.4400       28.93
  6.5000       28.72
  6.5600       29.87
  6.6200       29.91
  6.6800       30.49
  6.7400       30.94
  6.8000       29.63
  6.8600       30.49
  6.9200       29.81
  6.9800       29.75
  7.0400       30.29
  7.1000       30.05
  7.1600       30.02
  7.2200       30.18
  7.2800       30.21
  7.3400       29.94
  7.4000       28.29
  7.4600       28.96
  7.5200       28.62
  7.5800       29.30
  7.6400       28.62
  7.7000       30.17
  7.7600       30.21
  7.8200       29.34
  7.8800       29.17
  7.9400       29.30
  8.0000       29.18
  8.0600       28.62
  8.1200       30.28
  8.1800       29.68
  8.2400       28.62
  8.3000       29.72
  8.3600       28.17
  8.4200       28.96
  8.4800       27.61
  8.5400       28.70
  8.6000       28.92
  8.6600       28.14
  8.7200       28.91
  8.7800       27.81
  8.8400       29.09
  8.9000       28.33
  8.9600       27.56
  9.0200       26.78
  9.0800       28.48
  9.1400       28.31
  9.2000       28.43
  9.2600       27.14
  9.3200       26.74
  9.3800       26.09
  9.4400       26.45
  9.5000       26.93
  9.5600       26.41
  9.6200       26.87
  9.6800       26.87
  9.7400       27.03
  9.8000       26.28
  9.8600       26.58
  9.9200       27.11
  9.9800       26.87
 10.0400       27.04
 10.1000       26.41
 10.1600       26.86
 10.2200       26.19
 10.2800       27.48
 10.3400       27.44
 10.4000       26.13
 10.4600       25.71
 10.5200       25.54
 10.5800       26.14
 10.6400       24.26
 10.7000       24.86
 10.7600       25.55
 10.8200       25.05
 10.8800       24.35
 10.9400       24.22
 11.0000       23.85
 11.0600       24.18
 11.1200       23.60
 11.1800       24.56
 11.2400       24.32
 11.3000       24.81
 11.3600       24.05
 11.4200       24.22
 11.4800       24.28
 11.5400       24.80
 11.6000       24.74
 11.6600       22.92
 11.7200       23.07
 11.7800       23.26
 11.8400       23.63
 11.9000       23.22
 11.9600       22.79
 12.0200       22.86
 12.0800       23.31
 12.1400       22.32
 12.2000       23.47
 12.2600       22.05
 12.3200       23.68
 12.3800       22.50
 12.4400       22.98
 12.5000       22.37
 12.5600       22.06
 12.6200       22.01
 12.6800       22.11
 12.7400       23.13
 12.8000       22.06
 12.8600       22.33
 12.9200       22.55
 12.9800       22.16
 13.0400       21.62
 13.1000       21.78
 13.1600       21.57
 13.2200       22.26
 13.2800       21.62
 13.3400       21.44
 13.4000       22.28
 13.4600       21.08
 13.5200       21.49
 13.5800       22.01
 13.6400       21.23
 13.7000       22.97
 13.7600       23.48
 13.8200       22.17
 13.8800       21.43
 13.9400       21.65
 14.0000       21.76
 14.0600       21.78
 14.1200       21.99
 14.1800       21.12
 14.2400       21.31
 14.3000       21.59
 14.3600       20.84
 14.4200       20.53
 14.4800       20.91
 14.5400       20.63
 14.6000       19.84
 14.6600       20.41
 14.7200       20.74
 14.7800       20.74
 14.8400       20.12
 14.9000       20.70
 14.9600       20.52
 15.0200       20.34
 15.0800       19.97
 15.1400       20.59
 15.2000       19.70
 15.2600       19.60
 15.3200       20.42
 15.3800       21.34
 15.4400       19.91
 15.5000       20.88
 15.5600       19.95
 15.6200       19.54
 15.6800       19.16
 15.7400       18.83
 15.8000       20.41
 15.8600       19.94
 15.9200       20.04
 15.9800       19.51
 16.0400       20.17
 16.1000       19.68
 16.1600       19.63
 16.2200       20.73
 16.2800       18.85
 16.3400       19.74
 16.4000       19.99
 16.4600       19.14
 16.5200       19.42
 16.5800       19.32
 16.6400       19.32
 16.7000       18.80
 16.7600       19.12
 16.8200       18.36
 16.8800       19.31
 16.9400       19.70
 17.0000       19.30
 17.0600       18.43
 17.1200       18.47
 17.1800       18.38
 17.2400       18.77
 17.3000       19.74
 17.3600       19.06
 17.4200       19.20
 17.4800       19.16
 17.5400       19.33
 17.6000       19.26
 17.6600       18.74
 17.7200       20.07
 17.7800       21.53
 17.8400       22.39
 17.9000       22.10
 17.9600       20.65
 18.0200       20.79
 18.0800       19.85
 18.1400       20.27
 18.2000       19.73
 18.2600       19.52
 18.3200       19.01
 18.3800       19.31
 18.4400       17.83
 18.5000       18.61
 18.5600       18.46
 18.6200       18.23
 18.6800       19.39
 18.7400       19.28
 18.8000       18.69
 18.8600       18.04
 18.9200       18.40
 18.9800       18.27
 19.0400       19.05
 19.1000       18.83
 19.1600       18.73
 19.2200       19.18
 19.2800       19.79
 19.3400       19.04
 19.4000       18.86
 19.4600       19.94
 19.5200       20.20
 19.5800       19.49
 19.6400       18.30
 19.7000       18.51
 19.7600       19.57
 19.8200       19.68
 19.8800       19.52
 19.9400       20.20
 20.0000       21.96
 20.0600       25.22
 20.1200       26.66
 20.1800       25.86
 20.2400       23.76
 20.3000       22.66
 20.3600       23.39
 20.4200       23.85
 20.4800       24.92
 20.5400       26.60
 20.6000       33.78
 20.6600       37.35
 20.7200       36.91
 20.7800       36.80
 20.8400       43.08
 20.9000       63.76
 20.9600       60.92
 21.0200       56.53
 21.0800       75.30
 21.1400      116.31
 21.2000      173.78
 21.2600      290.24
 21.3200      625.99
 21.3800     1000.00
 21.4400      712.74
 21.5000      333.44
 21.5600      184.72
 21.6200      109.83
 21.6800       63.83
 21.7400       43.93
 21.8000       38.02
 21.8600       33.99
 21.9200       30.19
 21.9800       27.96
 22.0400       28.19
 22.1000       26.28
 22.1600       25.27
 22.2200       25.12
 22.2800       24.16
 22.3400       23.97
 22.4000       23.23
 22.4600       23.05
 22.5200       22.75
 22.5800       22.34
 22.6400       24.06
 22.7000       23.24
 22.7600       23.66
 22.8200       23.33
 22.8800       24.43
 22.9400       24.29
 23.0000       25.22
 23.0600       27.32
 23.1200       30.18
 23.1800       39.16
 23.2400       46.99
 23.3000       44.59
 23.3600       34.22
 23.4200       29.43
 23.4800       25.54
 23.5400       22.59
 23.6000       22.58
 23.6600       21.95
 23.7200       22.28
 23.7800       21.99
 23.8400       22.65
 23.9000       22.80
 23.9600       21.63
 24.0200       23.49
 24.0800       23.38
 24.1400       24.65
 24.2000       25.45
 24.2600       26.98
 24.3200       27.69
 24.3800       28.83
 24.4400       34.00
 24.5000       39.62
 24.5600       49.82
 24.6200       67.66
 24.6800       98.55
 24.7400      116.80
 24.8000       91.84
 24.8600       61.81
 24.9200       44.67
 24.9800       34.57
 25.0400       29.10
 25.1000       25.63
 25.1600       23.91
 25.2200       22.41
 25.2800       22.18
 25.3400       20.96
 25.4000       21.32
 25.4600       21.25
 25.5200       20.70
 25.5800       20.60
 25.6400       21.43
 25.7000       21.18
 25.7600       19.59
 25.8200       20.16
 25.8800       19.54
 25.9400       19.83
 26.0000       18.95
 26.0600       19.30
 26.1200       19.18
 26.1800       19.69
 26.2400       19.67
 26.3000       19.62
 26.3600       20.09
 26.4200       23.59
 26.4800       30.97
 26.5400       35.67
 26.6000       39.26
 26.6600       91.46
 26.7200      155.31
 26.7800      102.85
 26.8400       43.51
 26.9000       31.51
 26.9600       24.77
 27.0200       21.26
 27.0800       20.91
 27.1400       21.76
 27.2000       24.70
 27.2600       29.51
 27.3200       34.88
 27.3800       39.67
 27.4400       36.82
 27.5000       30.50
 27.5600       24.96
 27.6200       20.96
 27.6800       20.32
 27.7400       18.99
 27.8000       18.65
 27.8600       18.79
 27.9200       17.78
 27.9800       18.11
 28.0400       18.23
 28.1000       18.56
 28.1600       19.26
 28.2200       17.82
 28.2800       18.06
 28.3400       17.54
 28.4000       17.98
 28.4600       18.40
 28.5200       18.59
 28.5800       18.90
 28.6400       20.01
 28.7000       19.09
 28.7600       20.96
 28.8200       20.23
 28.8800       20.47
 28.9400       21.60
 29.0000       23.37
 29.0600       24.80
 29.1200       26.29
 29.1800       30.54
 29.2400       36.72
 29.3000       44.98
 29.3600       58.33
 29.4200       79.70
 29.4800      112.36
 29.5400      120.25
 29.6000      100.37
 29.6600       76.15
 29.7200       63.16
 29.7800       60.89
 29.8400       60.37
 29.9000       51.74
 29.9600       41.17
 30.0200       33.14
 30.0800       29.18
 30.1400       26.40
 30.2000       23.03
 30.2600       22.71
 30.3200       22.44
 30.3800       21.25
 30.4400       21.64
 30.5000       21.58
 30.5600       21.08
 30.6200       20.01
 30.6800       20.78
 30.7400       20.96
 30.8000       20.65
 30.8600       21.62
 30.9200       22.27
 30.9800       23.92
 31.0400       26.41
 31.1000       28.08
 31.1600       27.99
 31.2200       25.48
 31.2800       23.91
 31.3400       20.25
 31.4000       21.36
 31.4600       20.37
 31.5200       19.28
 31.5800       19.21
 31.6400       18.88
 31.7000       19.38
 31.7600       18.78
 31.8200       18.27
 31.8800       18.41
 31.9400       19.04
 32.0000       19.16
 32.0600       18.63
 32.1200       18.25
 32.1800       20.12
 32.2400       20.79
 32.3000       20.44
 32.3600       20.52
 32.4200       19.46
 32.4800       20.04
 32.5400       19.90
 32.6000       20.16
 32.6600       18.38
 32.7200       19.26
 32.7800       17.64
 32.8400       18.68
 32.9000       18.86
 32.9600       18.90
 33.0200       18.70
 33.0800       18.74
 33.1400       18.58
 33.2000       21.08
 33.2600       20.90
 33.3200       20.53
 33.3800       19.58
 33.4400       18.06
 33.5000       18.77
 33.5600       18.63
 33.6200       18.22
 33.6800       18.41
 33.7400       18.11
 33.8000       18.31
 33.8600       18.72
 33.9200       19.28
 33.9800       19.58
 34.0400       19.56
 34.1000       20.52
 34.1600       20.44
 34.2200       19.91
 34.2800       20.26
 34.3400       20.79
 34.4000       20.37
 34.4600       20.18
 34.5200       22.81
 34.5800       21.81
 34.6400       23.66
 34.7000       23.76
 34.7600       26.49
 34.8200       30.72
 34.8800       39.99
 34.9400       58.05
 35.0000       79.10
 35.0600      112.95
 35.1200      208.11
 35.1800      353.11
 35.2400      334.19
 35.3000      240.90
 35.3600      138.08
 35.4200       77.57
 35.4800       52.27
 35.5400       37.04
 35.6000       33.20
 35.6600       33.37
 35.7200       33.83
 35.7800       35.33
 35.8400       41.75
 35.9000       53.00
 35.9600       54.11
 36.0200       49.68
 36.0800       38.63
 36.1400       32.19
 36.2000       28.18
 36.2600       24.14
 36.3200       21.81
 36.3800       22.20
 36.4400       21.32
 36.5000       20.38
 36.5600       20.01
 36.6200       24.72
 36.6800       21.07
 36.7400       20.23
 36.8000       19.10
 36.8600       18.84
 36.9200       18.57
 36.9800       18.65
 37.0400       18.62
 37.1000       18.88
 37.1600       18.35
 37.2200       18.40
 37.2800       18.41
 37.3400       19.48
 37.4000       19.47
 37.4600       20.25
 37.5200       20.47
 37.5800       21.25
 37.6400       21.08
 37.7000       21.57
 37.7600       21.34
 37.8200       22.10
 37.8800       23.38
 37.9400       25.98
 38.0000       31.44
 38.0600       41.59
 38.1200       47.62
 38.1800       42.86
 38.2400       38.43
 38.3000       31.94
 38.3600       29.49
 38.4200       27.62
 38.4800       29.71
 38.5400       30.99
 38.6000       31.87
 38.6600       27.83
 38.7200       25.23
 38.7800       21.26
 38.8400       21.02
 38.9000       19.94
 38.9600       20.52
 39.0200       21.23
 39.0800       21.87
 39.1400       22.82
 39.2000       22.76
 39.2600       22.18
 39.3200       22.64
 39.3800       20.96
 39.4400       22.07
 39.5000       30.46
 39.5600       38.78
 39.6200       30.94
 39.6800       28.92
 39.7400       21.75
 39.8000       19.75
 39.8600       18.41
 39.9200       17.26
 39.9800       17.49
 40.0400       17.68
 40.1000       18.74
 40.1600       18.07
 40.2200       18.64
 40.2800       18.98
 40.3400       19.33
 40.4000       19.84
 40.4600       19.52
 40.5200       19.52
 40.5800       19.31
 40.6400       19.36
 40.7000       19.44
 40.7600       20.05
 40.8200       23.05
 40.8800       23.98
 40.9400       24.61
 41.0000       24.75
 41.0600       24.10
 41.1200       24.61
 41.1800       26.71
 41.2400       29.47
 41.3000       34.25
 41.3600       45.01
 41.4200       61.98
 41.4800       84.06
 41.5400       93.77
 41.6000       86.24
 41.6600       68.79
 41.7200       49.51
 41.7800       37.38
 41.8400       30.15
 41.9000       25.24
 41.9600       23.08
 42.0200       21.63
 42.0800       19.95
 42.1400       19.49
 42.2000       18.96
 42.2600       19.44
 42.3200       20.84
 42.3800       20.07
 42.4400       24.22
 42.5000       31.60
 42.5600       24.35
 42.6200       23.93
 42.6800       18.86
 42.7400       19.26
 42.8000       18.68
 42.8600       17.41
 42.9200       18.61
 42.9800       17.49
 43.0400       17.25
 43.1000       18.17
 43.1600       18.70
 43.2200       20.81
 43.2800       24.10
 43.3400       29.20
 43.4000       40.94
 43.4600       46.77
 43.5200       43.50
 43.5800       39.27
 43.6400       28.67
 43.7000       24.07
 43.7600       21.68
 43.8200       19.65
 43.8800       18.53
 43.9400       16.40
 44.0000       16.20
 44.0600       16.35
 44.1200       15.71
 44.1800       15.38
 44.2400       15.77
 44.3000       14.85
 44.3600       15.20
 44.4200       15.09
 44.4800       15.42
 44.5400       15.62
 44.6000       15.18
 44.6600       15.35
 44.7200       15.77
 44.7800       14.73
 44.8400       15.84
 44.9000       15.57
 44.9600       14.78
 45.0200       15.52
 45.0800       14.46
 45.1400       15.55
 45.2000       15.46
 45.2600       14.52
 45.3200       15.10
 45.3800       14.67
 45.4400       15.79
 45.5000       15.45
 45.5600       15.79
 45.6200       15.87
 45.6800       16.42
 45.7400       17.35
 45.8000       19.11
 45.8600       22.42
 45.9200       20.59
 45.9800       20.79
 46.0400       18.32
 46.1000       18.07
 46.1600       17.09
 46.2200       17.05
 46.2800       18.05
 46.3400       18.91
 46.4000       20.95
 46.4600       24.71
 46.5200       27.14
 46.5800       28.33
 46.6400       25.87
 46.7000       22.74
 46.7600       19.00
 46.8200       18.91
 46.8800       17.58
 46.9400       16.13
 47.0000       15.99
 47.0600       16.41
 47.1200       16.24
 47.1800       17.62
 47.2400       17.68
 47.3000       17.37
 47.3600       16.62
 47.4200       16.66
 47.4800       15.41
 47.5400       15.21
 47.6000       15.55
 47.6600       15.27
 47.7200       15.48
 47.7800       15.53
 47.8400       15.83
 47.9000       16.64
 47.9600       17.12
 48.0200       17.77
 48.0800       19.73
 48.1400       22.11
 48.2000       24.17
 48.2600       29.01
 48.3200       33.46
 48.3800       32.28
 48.4400       30.65
 48.5000       28.29
 48.5600       23.81
 48.6200       20.39
 48.6800       18.48
 48.7400       17.03
 48.8000       17.16
 48.8600       16.48
 48.9200       16.47
 48.9800       15.83
 49.0400       14.88
 49.1000       15.16
 49.1600       16.19
 49.2200       15.48
 49.2800       14.90
 49.3400       15.21
 49.4000       14.67
 49.4600       15.52
 49.5200       15.82
 49.5800       16.04
 49.6400       15.74
 49.7000       15.00
 49.7600       14.63
 49.8200       14.78
 49.8800       14.31
 49.9400       15.55
 50.0000       15.04
 50.0600       17.63
 50.1200       20.44
 50.1800       32.87
 50.2400       28.33
 50.3000       26.03
 50.3600       24.48
 50.4200       19.85
 50.4800       21.41
 50.5400       24.76
 50.6000       26.81
 50.6600       26.78
 50.7200       24.29
 50.7800       21.95
 50.8400       18.35
 50.9000       17.10
 50.9600       17.42
 51.0200       16.83
 51.0800       16.72
 51.1400       18.21
 51.2000       17.66
 51.2600       18.04
 51.3200       17.04
 51.3800       15.16
 51.4400       15.08
 51.5000       14.78
 51.5600       14.43
 51.6200       14.02
 51.6800       14.95
 51.7400       13.32
 51.8000       13.81
 51.8600       13.47
 51.9200       14.35
 51.9800       12.93
 52.0400       13.71
 52.1000       14.26
 52.1600       14.51
 52.2200       13.82
 52.2800       13.76
 52.3400       12.98
 52.4000       12.78
 52.4600       13.56
 52.5200       13.79
 52.5800       13.46
 52.6400       14.51
 52.7000       13.39
 52.7600       13.18
 52.8200       13.67
 52.8800       14.16
 52.9400       14.16
 53.0000       14.29
 53.0600       14.53
 53.1200       15.08
 53.1800       13.69
 53.2400       14.34
 53.3000       13.50
 53.3600       13.99
 53.4200       13.92
 53.4800       14.10
 53.5400       14.53
 53.6000       14.20
 53.6600       14.21
 53.7200       13.86
 53.7800       14.92
 53.8400       13.93
 53.9000       14.56
 53.9600       15.04
 54.0200       15.71
 54.0800       15.30
 54.1400       17.20
 54.2000       15.42
 54.2600       17.30
 54.3200       15.62
 54.3800       16.68
 54.4400       15.71
 54.5000       15.16
 54.5600       14.69
 54.6200       15.26
 54.6800       15.09
 54.7400       15.50
 54.8000       16.82
 54.8600       18.81
 54.9200       24.65
 54.9800       22.11
 55.0400       22.81
 55.1000       22.94
 55.1600       22.15
 55.2200       23.05
 55.2800       25.21
 55.3400       31.92
 55.4000       39.67
 55.4600       49.84
 55.5200       50.68
 55.5800       47.51
 55.6400       42.28
 55.7000       32.11
 55.7600       25.54
 55.8200       21.34
 55.8800       18.73
 55.9400       17.43
 56.0000       16.53
 56.0600       15.78
 56.1200       16.06
 56.1800       15.74
 56.2400       15.57
 56.3000       15.99
 56.3600       15.59
 56.4200       15.80
 56.4800       15.27
 56.5400       14.83
 56.6000       16.38
 56.6600       15.18
 56.7200       17.11
 56.7800       16.96
 56.8400       18.77
 56.9000       21.16
 56.9600       24.33
 57.0200       27.28
 57.0800       28.13
 57.1400       27.41
 57.2000       24.74
 57.2600       23.47
 57.3200       20.47
 57.3800       18.49
 57.4400       16.58
 57.5000       16.50
 57.5600       15.87
 57.6200       15.88
 57.6800       17.26
 57.7400       16.36
 57.8000       17.05
 57.8600       16.04
 57.9200       15.46
 57.9800       15.80
 58.0400       15.22
 58.1000       15.00
 58.1600       15.30
 58.2200       15.50
 58.2800       16.08
 58.3400       15.13
 58.4000       14.56
 58.4600       14.62
 58.5200       15.22
 58.5800       14.42
 58.6400       14.67
 58.7000       15.30
 58.7600       14.92
 58.8200       15.52
 58.8800       15.22
 58.9400       15.41
 59.0000       15.87
 59.0600       16.93
 59.1200       18.73
 59.1800       19.79
 59.2400       20.89
 59.3000       23.92
 59.3600       26.92
 59.4200       30.65
 59.4800       35.35
 59.5400       43.59
 59.6000       49.28
 59.6600       47.22
 59.7200       42.96
 59.7800       40.33
 59.8400       34.92
 59.9000       30.18
 59.9600       31.56
 60.0200       32.36
 60.0800       24.03
 60.1400       24.81
 60.2000       22.66
 60.2600       17.66
 60.3200       17.14
 60.3800       17.37
 60.4400       17.19
 60.5000       16.78
 60.5600       17.08
 60.6200       16.96
 60.6800       16.69
 60.7400       17.46
 60.8000       18.51
 60.8600       18.36
 60.9200       19.00
 60.9800       21.73
 61.0400       21.99
 61.1000       23.84
 61.1600       25.30
 61.2200       24.31
 61.2800       24.44
 61.3400       21.31
 61.4000       20.89
 61.4600       19.25
 61.5200       18.40
 61.5800       17.10
 61.6400       16.94
 61.7000       16.31
 61.7600       15.78
 61.8200       16.71
 61.8800       16.46
 61.9400       15.68
 62.0000       16.21
 62.0600       16.33
 62.1200       16.90
 62.1800       16.35
 62.2400       16.25
 62.3000       17.25
 62.3600       16.80
 62.4200       17.52
 62.4800       18.00
 62.5400       18.64
 62.6000       18.91
 62.6600       20.12
 62.7200       19.47
 62.7800       22.38
 62.8400       24.35
 62.9000       28.65
 62.9600       35.83
 63.0200       46.30
 63.0800       58.47
 63.1400       63.85
 63.2000       56.80
 63.2600       52.88
 63.3200       47.20
 63.3800       41.81
 63.4400       38.97
 63.5000       40.36
 63.5600       39.01
 63.6200       36.04
 63.6800       33.05
 63.7400       30.25
 63.8000       25.88
 63.8600       22.53
 63.9200       21.92
 63.9800       20.51
 64.0400       20.65
 64.1000       18.84
 64.1600       18.20
 64.2200       18.36
 64.2800       17.88
 64.3400       16.62
 64.4000       15.71
 64.4600       16.10
 64.5200       16.33
 64.5800       15.90
 64.6400       17.09
 64.7000       16.71
 64.7600       18.83
 64.8200       19.95
 64.8800       22.44
 64.9400       25.77
 65.0000       28.55
 65.0600       27.46
 65.1200       27.03
 65.1800       25.32
 65.2400       23.22
 65.3000       21.20
 65.3600       20.05
 65.4200       19.22
 65.4800       18.03
 65.5400       17.33
 65.6000       17.15
 65.6600       15.85
 65.7200       15.92
 65.7800       15.84
 65.8400       15.16
 65.9000       15.24
 65.9600       15.24
 66.0200       14.56
 66.0800       14.53
 66.1400       15.30
 66.2000       14.56
 66.2600       15.41
 66.3200       15.15
 66.3800       15.27
 66.4400       15.14
 66.5000       15.99
 66.5600       15.88
 66.6200       15.15
 66.6800       15.38
 66.7400       16.46
 66.8000       16.37
 66.8600       16.15
 66.9200       15.64
 66.9800       17.20
 67.0400       17.86
 67.1000       19.27
 67.1600       20.79
 67.2200       23.98
 67.2800       27.11
 67.3400       33.27
 67.4000       39.52
 67.4600       39.10
 67.5200       36.25
 67.5800       33.83
 67.6400       31.52
 67.7000       26.83
 67.7600       24.60
 67.8200       23.71
 67.8800       20.11
 67.9400       19.97
 68.0000       20.27
 68.0600       18.14
 68.1200       21.01
 68.1800       35.82
 68.2400       27.54
 68.3000       21.81
 68.3600       29.91
 68.4200       24.47
 68.4800       18.11
 68.5400       18.98
 68.6000       15.85
 68.6600       15.89
 68.7200       14.85
 68.7800       14.97
 68.8400       14.61
 68.9000       14.27
 68.9600       14.67
 69.0200       14.24
 69.0800       13.94
 69.1400       14.09
 69.2000       13.92
 69.2600       14.06
 69.3200       13.08
 69.3800       13.24
 69.4400       13.37
 69.5000       13.04
 69.5600       13.68
 69.6200       14.43
 69.6800       13.03
 69.7400       13.89
 69.8000       13.72
 69.8600       13.57
 69.9200       13.74
 69.9800       13.15
 70.0400       14.34
 70.1000       13.51
 70.1600       13.93
 70.2200       13.13
 70.2800       14.11
 70.3400       14.00
 70.4000       13.37
 70.4600       14.40
 70.5200       13.99
 70.5800       13.93
 70.6400       14.39
 70.7000       14.71
 70.7600       14.13
 70.8200       14.77
 70.8800       14.58
 70.9400       14.40
 71.0000       15.03
 71.0600       15.22
 71.1200       15.46
 71.1800       15.21
 71.2400       15.80
 71.3000       15.30
 71.3600       14.78
 71.4200       14.58
 71.4800       14.79
 71.5400       14.31
 71.6000       14.84
 71.6600       13.79
 71.7200       14.95
 71.7800       14.89
 71.8400       14.87
 71.9000       15.47
 71.9600       15.63
 72.0200       16.19
 72.0800       15.99
 72.1400       15.93
 72.2000       18.09
 72.2600       18.00
 72.3200       19.62
 72.3800       22.32
 72.4400       24.54
 72.5000       24.87
 72.5600       24.55
 72.6200       24.00
 72.6800       22.58
 72.7400       21.34
 72.8000       18.06
 72.8600       17.21
 72.9200       15.82
 72.9800       14.06
 73.0400       14.25
 73.1000       14.82
 73.1600       14.08
 73.2200       13.92
 73.2800       13.63
 73.3400       13.78
 73.4000       13.73
 73.4600       14.21
 73.5200       13.15
 73.5800       13.68
 73.6400       13.41
 73.7000       13.52
 73.7600       13.62
 73.8200       14.18
 73.8800       14.37
 73.9400       14.40
 74.0000       14.88
 74.0600       14.99
 74.1200       14.81
 74.1800       17.63
 74.2400       18.83
 74.3000       21.59
 74.3600       22.39
 74.4200       21.16
 74.4800       21.50
 74.5400       22.59
 74.6000       22.21
 74.6600       23.69
 74.7200       23.43
 74.7800       21.17
 74.8400       21.32
 74.9000       20.36
 74.9600       18.28
 75.0200       18.00
 75.0800       16.61
 75.1400       15.83
 75.2000       15.61
 75.2600       15.56
 75.3200       15.56
 75.3800       15.66
 75.4400       14.52
 75.5000       14.42
 75.5600       14.51
 75.6200       14.62
 75.6800       15.93
 75.7400       15.99
 75.8000       15.87
 75.8600       16.19
 75.9200       17.30
 75.9800       18.38
 76.0400       19.30
 76.1000       19.10
 76.1600       18.04
 76.2200       17.99
 76.2800       17.75
 76.3400       16.64
 76.4000       16.04
 76.4600       14.66
 76.5200       13.98
 76.5800       15.47
 76.6400       13.68
 76.7000       14.36
 76.7600       14.06
 76.8200       13.94
 76.8800       14.06
 76.9400       13.97
 77.0000       13.99
 77.0600       13.87
 77.1200       14.57
 77.1800       13.83
 77.2400       14.15
 77.3000       14.08
 77.3600       13.92
 77.4200       13.60
 77.4800       14.21
 77.5400       13.82
 77.6000       14.74
 77.6600       14.51
 77.7200       15.51
 77.7800       15.10
 77.8400       15.99
 77.9000       15.59
 77.9600       15.85
 78.0200       16.10
 78.0800       17.16
 78.1400       19.02
 78.2000       20.75
 78.2600       24.01
 78.3200       27.87
 78.3800       28.11
 78.4400       26.23
 78.5000       25.19
 78.5600       24.13
 78.6200       21.65
 78.6800       20.49
 78.7400       18.26
 78.8000       15.79
 78.8600       16.19
 78.9200       14.45
 78.9800       14.62
 79.0400       14.73
 79.1000       14.60
 79.1600       14.35
 79.2200       14.09
 79.2800       15.21
 79.3400       15.25
 79.4000       16.36
 79.4600       18.04
 79.5200       21.62
 79.5800       22.69
 79.6400       26.06
 79.7000       25.08
 79.7600       22.42
 79.8200       23.70
 79.8800       23.66
 79.9400       23.48
 80.0000       22.44
