  2.5087       15.11
  2.5257       16.43
  2.5427       14.45
  2.5597       13.30
  2.5767       13.96
  2.5937       13.63
  2.6107       12.32
  2.6277       11.33
  2.6447       12.81
  2.6617       13.47
  2.6787       13.63
  2.6957       12.16
  2.7127       11.01
  2.7297        9.86
  2.7467       10.51
  2.7637       12.16
  2.7807       11.83
  2.7977       10.35
  2.8147        9.20
  2.8317        9.20
  2.8487        9.03
  2.8657        9.36
  2.8827       11.66
  2.8997       11.83
  2.9167       10.18
  2.9337       10.51
  2.9507       10.68
  2.9677        9.69
  2.9847        8.71
  3.0017        7.39
  3.0187        9.03
  3.0357       11.17
  3.0527        8.05
  3.0697        9.69
  3.0867        9.86
  3.1037        8.38
  3.1207        8.05
  3.1377        7.23
  3.1547        7.23
  3.1717        8.54
  3.1887        7.06
  3.2057        7.56
  3.2227        6.24
  3.2397        5.58
  3.2567        6.24
  3.2737        5.91
  3.2907        5.42
  3.3077        5.09
  3.3247        5.42
  3.3417        6.57
  3.3587        4.76
  3.3757        6.24
  3.3927        5.75
  3.4097        5.91
  3.4267        5.75
  3.4437        5.91
  3.4607        5.42
  3.4777        5.26
  3.4947        4.60
  3.5117        3.61
  3.5287        3.78
  3.5457        4.76
  3.5627        5.91
  3.5797        6.24
  3.5967        5.91
  3.6137        5.26
  3.6307        4.76
  3.6477        5.58
  3.6647        5.75
  3.6817        4.93
  3.6987        5.75
  3.7157        5.09
  3.7327        6.57
  3.7497        3.94
  3.7667        4.60
  3.7837        3.45
  3.8007        4.60
  3.8177        5.26
  3.8347        3.45
  3.8517        3.94
  3.8687        4.93
  3.8857        5.09
  3.9027        4.11
  3.9197        3.61
  3.9367        3.94
  3.9537        3.45
  3.9707        4.43
  3.9877        3.78
  4.0047        4.60
  4.0217        5.26
  4.0387        4.43
  4.0557        2.96
  4.0727        2.79
  4.0897        3.78
  4.1067        3.94
  4.1237        3.29
  4.1407        3.45
  4.1577        3.61
  4.1747        3.94
  4.1917        4.43
  4.2087        4.11
  4.2257        3.94
  4.2427        3.94
  4.2597        3.29
  4.2767        3.45
  4.2937        3.94
  4.3107        2.79
  4.3277        3.29
  4.3447        4.27
  4.3617        4.60
  4.3787        4.43
  4.3957        3.29
  4.4127        3.94
  4.4297        3.61
  4.4467        4.60
  4.4637        3.61
  4.4807        3.94
  4.4977        2.79
  4.5147        3.45
  4.5317        2.96
  4.5487        3.61
  4.5657        4.76
  4.5827        3.94
  4.5997        4.43
  4.6167        4.11
  4.6337        3.29
  4.6507        4.27
  4.6677        3.94
  4.6847        4.43
  4.7017        5.09
  4.7187        5.42
  4.7357        3.29
  4.7527        4.27
  4.7697        4.76
  4.7867        4.60
  4.8037        3.94
  4.8207        4.76
  4.8377        6.41
  4.8547        6.08
  4.8717        4.93
  4.8887        4.76
  4.9057        3.94
  4.9227        4.27
  4.9397        4.60
  4.9567        4.43
  4.9737        4.76
  4.9907        3.61
  5.0077        3.45
  5.0247        3.94
  5.0417        3.12
  5.0587        4.11
  5.0757        3.94
  5.0927        3.78
  5.1097        4.76
  5.1267        4.93
  5.1437        2.96
  5.1607        4.27
  5.1777        2.79
  5.1947        5.09
  5.2117        4.93
  5.2287        3.45
  5.2457        3.78
  5.2627        4.93
  5.2797        4.93
  5.2967        5.09
  5.3137        2.96
  5.3307        4.43
  5.3477        4.60
  5.3647        3.94
  5.3817        3.78
  5.3987        3.78
  5.4157        4.76
  5.4327        4.43
  5.4497        4.60
  5.4667        4.11
  5.4837        3.29
  5.5007        4.27
  5.5177        5.58
  5.5347        4.76
  5.5517        4.43
  5.5687        5.42
  5.5857        4.93
  5.6027        4.11
  5.6197        4.27
  5.6367        3.61
  5.6537        4.11
  5.6707        5.26
  5.6877        5.26
  5.7047        3.61
  5.7217        4.76
  5.7387        4.27
  5.7557        4.60
  5.7727        2.96
  5.7897        4.27
  5.8067        5.58
  5.8237        3.78
  5.8407        4.43
  5.8577        3.61
  5.8747        4.93
  5.8917        3.61
  5.9087        4.76
  5.9257        3.12
  5.9427        2.96
  5.9597        4.93
  5.9767        4.27
  5.9937        5.26
  6.0107        7.06
  6.0277        5.42
  6.0447        4.27
  6.0617        4.76
  6.0787        4.76
  6.0957        4.11
  6.1127        5.09
  6.1297        4.60
  6.1467        3.61
  6.1637        3.45
  6.1807        3.94
  6.1977        3.94
  6.2147        3.94
  6.2317        4.11
  6.2487        4.27
  6.2657        3.78
  6.2827        4.11
  6.2997        5.26
  6.3167        4.27
  6.3337        3.61
  6.3507        4.60
  6.3677        4.76
  6.3847        5.09
  6.4017        5.09
  6.4187        3.78
  6.4357        4.60
  6.4527        3.45
  6.4697        3.12
  6.4867        2.63
  6.5037        2.63
  6.5207        4.11
  6.5377        3.94
  6.5547        3.45
  6.5717        5.75
  6.5887        3.29
  6.6057        3.78
  6.6227        3.94
  6.6397        3.78
  6.6567        5.58
  6.6737        5.26
  6.6907        4.76
  6.7077        4.43
  6.7247        4.11
  6.7417        3.45
  6.7587        3.94
  6.7757        4.43
  6.7927        4.93
  6.8097        4.27
  6.8267        4.60
  6.8437        4.43
  6.8607        4.60
  6.8777        4.60
  6.8947        4.76
  6.9117        5.09
  6.9287        3.61
  6.9457        3.29
  6.9627        4.43
  6.9797        3.94
  6.9967        3.78
  7.0137        4.43
  7.0307        5.58
  7.0477        5.91
  7.0647        5.09
  7.0817        4.76
  7.0987        3.78
  7.1157        3.78
  7.1327        3.29
  7.1497        2.96
  7.1667        3.45
  7.1837        5.26
  7.2007        2.96
  7.2177        2.79
  7.2347        2.79
  7.2517        5.75
  7.2687        4.43
  7.2857        5.09
  7.3027        3.94
  7.3197        3.94
  7.3367        4.11
  7.3537        3.78
  7.3707        4.93
  7.3877        4.93
  7.4047        4.11
  7.4217        4.60
  7.4387        4.27
  7.4557        4.76
  7.4727        4.60
  7.4897        4.27
  7.5067        3.78
  7.5237        4.11
  7.5407        3.94
  7.5577        3.78
  7.5747        3.78
  7.5917        4.11
  7.6087        4.93
  7.6257        4.93
  7.6427        3.94
  7.6597        4.11
  7.6767        5.09
  7.6937        5.09
  7.7107        4.43
  7.7277        3.45
  7.7447        3.94
  7.7617        3.61
  7.7787        2.96
  7.7957        3.45
  7.8127        3.61
  7.8297        2.63
  7.8467        3.45
  7.8637        3.94
  7.8807        3.61
  7.8977        3.94
  7.9147        4.60
  7.9317        4.60
  7.9487        2.79
  7.9657        5.75
  7.9827        4.27
  7.9997        4.76
  8.0167        4.27
  8.0337        4.43
  8.0507        4.60
  8.0677        4.76
  8.0847        4.60
  8.1017        5.58
  8.1187        5.75
  8.1357        4.76
  8.1527        4.93
  8.1697        5.09
  8.1867        5.58
  8.2037        4.76
  8.2207        4.27
  8.2377        3.78
  8.2547        3.45
  8.2717        3.45
  8.2887        3.61
  8.3057        4.76
  8.3227        4.43
  8.3397        3.45
  8.3567        3.45
  8.3737        3.94
  8.3907        4.93
  8.4077        4.11
  8.4247        3.78
  8.4417        5.09
  8.4587        3.78
  8.4757        3.78
  8.4927        4.60
  8.5097        3.61
  8.5267        5.09
  8.5437        3.45
  8.5607        4.43
  8.5777        4.11
  8.5947        3.78
  8.6117        5.09
  8.6287        3.12
  8.6457        4.11
  8.6627        3.94
  8.6797        3.78
  8.6967        5.09
  8.7137        4.11
  8.7307        3.94
  8.7477        4.11
  8.7647        3.78
  8.7817        4.27
  8.7987        4.60
  8.8157        4.93
  8.8327        4.93
  8.8497        3.78
  8.8667        3.94
  8.8837        3.29
  8.9007        3.12
  8.9177        4.27
  8.9347        4.60
  8.9517        4.76
  8.9687        5.09
  8.9857        4.43
  9.0027        3.45
  9.0197        3.29
  9.0367        2.96
  9.0537        3.78
  9.0707        4.27
  9.0877        4.60
  9.1047        3.61
  9.1217        3.45
  9.1387        4.76
  9.1557        3.78
  9.1727        3.61
  9.1897        4.60
  9.2067        3.78
  9.2237        3.61
  9.2407        4.43
  9.2577        3.45
  9.2747        4.11
  9.2917        3.78
  9.3087        4.11
  9.3257        3.29
  9.3427        3.12
  9.3597        3.94
  9.3767        3.12
  9.3937        5.75
  9.4107        6.08
  9.4277        4.76
  9.4447        4.60
  9.4617        4.43
  9.4787        3.78
  9.4957        4.43
  9.5127        4.43
  9.5297        4.11
  9.5467        3.45
  9.5637        4.60
  9.5807        5.42
  9.5977        5.26
  9.6147        4.43
  9.6317        2.46
  9.6487        1.97
  9.6657        3.78
  9.6827        4.93
  9.6997        4.76
  9.7167        4.43
  9.7337        3.29
  9.7507        3.12
  9.7677        3.29
  9.7847        3.61
  9.8017        4.27
  9.8187        3.78
  9.8357        3.61
  9.8527        4.11
  9.8697        2.63
  9.8867        4.11
  9.9037        4.11
  9.9207        4.93
  9.9377        2.79
  9.9547        5.42
  9.9717        4.60
  9.9887        2.46
 10.0057        4.60
 10.0227        4.11
 10.0397        4.76
 10.0567        3.29
 10.0737        2.63
 10.0907        5.26
 10.1077        5.42
 10.1247        3.94
 10.1417        3.29
 10.1587        3.29
 10.1757        3.45
 10.1927        4.27
 10.2097        3.94
 10.2267        4.43
 10.2437        4.27
 10.2607        3.45
 10.2777        4.11
 10.2947        5.09
 10.3117        5.42
 10.3287        4.43
 10.3457        3.94
 10.3627        4.43
 10.3797        3.61
 10.3967        3.78
 10.4137        3.94
 10.4307        3.78
 10.4477        3.61
 10.4647        2.79
 10.4817        3.12
 10.4987        4.11
 10.5157        4.11
 10.5327        5.26
 10.5497        4.60
 10.5667        3.78
 10.5837        4.43
 10.6007        3.61
 10.6177        3.45
 10.6347        5.26
 10.6517        3.45
 10.6687        3.61
 10.6857        3.78
 10.7027        3.78
 10.7197        3.61
 10.7367        3.61
 10.7537        3.45
 10.7707        4.43
 10.7877        3.45
 10.8047        2.96
 10.8217        3.45
 10.8387        4.60
 10.8557        4.93
 10.8727        3.78
 10.8897        3.29
 10.9067        2.79
 10.9237        2.96
 10.9407        4.27
 10.9577        4.43
 10.9747        3.94
 10.9917        4.27
 11.0087        4.76
 11.0257        3.61
 11.0427        2.46
 11.0597        3.78
 11.0767        4.76
 11.0937        4.43
 11.1107        3.94
 11.1277        4.60
 11.1447        3.61
 11.1617        3.61
 11.1787        4.43
 11.1957        3.12
 11.2127        3.94
 11.2297        4.76
 11.2467        3.94
 11.2637        4.60
 11.2807        2.46
 11.2977        4.76
 11.3147        3.12
 11.3317        2.96
 11.3487        2.79
 11.3657        4.43
 11.3827        2.96
 11.3997        3.12
 11.4167        3.12
 11.4337        3.61
 11.4507        4.76
 11.4677        4.76
 11.4847        3.94
 11.5017        3.61
 11.5187        3.45
 11.5357        2.79
 11.5527        3.94
 11.5697        4.11
 11.5867        3.61
 11.6037        3.45
 11.6207        3.94
 11.6377        4.11
 11.6547        3.61
 11.6717        2.96
 11.6887        2.46
 11.7057        2.79
 11.7227        3.29
 11.7397        3.29
 11.7567        3.29
 11.7737        3.45
 11.7907        3.61
 11.8077        3.78
 11.8247        3.78
 11.8417        4.76
 11.8587        3.45
 11.8757        3.78
 11.8927        4.11
 11.9097        4.27
 11.9267        3.45
 11.9437        5.58
 11.9607        4.43
 11.9777        3.12
 11.9947        3.78
 12.0117        3.29
 12.0287        3.94
 12.0457        4.11
 12.0627        4.60
 12.0797        4.60
 12.0967        3.12
 12.1137        3.29
 12.1307        3.78
 12.1477        4.43
 12.1647        4.76
 12.1817        3.45
 12.1987        4.43
 12.2157        4.11
 12.2327        4.60
 12.2497        5.75
 12.2667        5.42
 12.2837        3.94
 12.3007        3.61
 12.3177        3.94
 12.3347        4.11
 12.3517        3.94
 12.3687        4.11
 12.3857        4.43
 12.4027        3.94
 12.4197        4.76
 12.4367        4.27
 12.4537        4.11
 12.4707        4.93
 12.4877        4.43
 12.5047        3.78
 12.5217        4.93
 12.5387        3.78
 12.5557        3.45
 12.5727        3.94
 12.5897        5.26
 12.6067        4.76
 12.6237        4.43
 12.6407        2.96
 12.6577        3.94
 12.6747        3.29
 12.6917        4.93
 12.7087        4.43
 12.7257        3.45
 12.7427        3.61
 12.7597        4.27
 12.7767        4.76
 12.7937        5.09
 12.8107        5.58
 12.8277        3.78
 12.8447        4.43
 12.8617        3.94
 12.8787        4.43
 12.8957        4.11
 12.9127        4.27
 12.9297        4.11
 12.9467        4.43
 12.9637        4.11
 12.9807        4.11
 12.9977        5.26
 13.0147        4.93
 13.0317        4.93
 13.0487        5.58
 13.0657        4.76
 13.0827        5.26
 13.0997        5.75
 13.1167        5.26
 13.1337        3.78
 13.1507        4.93
 13.1677        5.42
 13.1847        4.93
 13.2017        3.29
 13.2187        5.26
 13.2357        4.60
 13.2527        4.60
 13.2697        5.26
 13.2867        5.09
 13.3037        4.76
 13.3207        3.94
 13.3377        3.61
 13.3547        3.94
 13.3717        5.75
 13.3887        3.45
 13.4057        4.76
 13.4227        4.93
 13.4397        4.11
 13.4567        3.61
 13.4737        3.29
 13.4907        4.60
 13.5077        4.60
 13.5247        4.11
 13.5417        3.78
 13.5587        4.76
 13.5757        4.43
 13.5927        4.93
 13.6097        4.76
 13.6267        4.93
 13.6437        4.93
 13.6607        4.11
 13.6777        4.11
 13.6947        3.94
 13.7117        3.45
 13.7287        4.11
 13.7457        4.60
 13.7627        4.93
 13.7797        5.09
 13.7967        4.76
 13.8137        4.93
 13.8307        4.93
 13.8477        5.42
 13.8647        5.26
 13.8817        3.78
 13.8987        3.29
 13.9157        3.29
 13.9327        3.12
 13.9497        3.29
 13.9667        3.61
 13.9837        3.78
 14.0007        2.30
 14.0177        3.78
 14.0347        4.11
 14.0517        6.08
 14.0687        5.42
 14.0857        3.61
 14.1027        3.45
 14.1197        3.45
 14.1367        3.29
 14.1537        4.60
 14.1707        3.61
 14.1877        3.78
 14.2047        4.43
 14.2217        3.78
 14.2387        3.29
 14.2557        3.78
 14.2727        3.94
 14.2897        4.27
 14.3067        4.11
 14.3237        3.78
 14.3407        3.45
 14.3577        3.61
 14.3747        4.27
 14.3917        4.11
 14.4087        3.29
 14.4257        3.78
 14.4427        5.09
 14.4597        3.94
 14.4767        2.79
 14.4937        3.45
 14.5107        4.11
 14.5277        4.76
 14.5447        3.94
 14.5617        3.94
 14.5787        3.94
 14.5957        5.26
 14.6127        4.43
 14.6297        3.29
 14.6467        3.29
 14.6637        4.93
 14.6807        3.29
 14.6977        3.78
 14.7147        5.26
 14.7317        2.46
 14.7487        4.27
 14.7657        3.78
 14.7827        4.43
 14.7997        4.11
 14.8167        5.26
 14.8337        3.61
 14.8507        4.11
 14.8677        4.76
 14.8847        3.45
 14.9017        3.12
 14.9187        4.11
 14.9357        4.27
 14.9527        4.43
 14.9697        5.09
 14.9867        4.43
 15.0037        3.45
 15.0207        2.96
 15.0377        3.61
 15.0547        4.43
 15.0717        4.76
 15.0887        4.60
 15.1057        3.61
 15.1227        3.94
 15.1397        4.60
 15.1567        3.78
 15.1737        5.09
 15.1907        4.76
 15.2077        3.78
 15.2247        4.60
 15.2417        2.63
 15.2587        2.96
 15.2757        4.11
 15.2927        4.60
 15.3097        4.43
 15.3267        3.61
 15.3437        3.94
 15.3607        3.94
 15.3777        4.60
 15.3947        2.96
 15.4117        3.61
 15.4287        5.09
 15.4457        3.12
 15.4627        3.78
 15.4797        3.94
 15.4967        4.27
 15.5137        4.11
 15.5307        3.61
 15.5477        3.61
 15.5647        4.93
 15.5817        4.76
 15.5987        3.29
 15.6157        3.29
 15.6327        3.61
 15.6497        4.43
 15.6667        4.43
 15.6837        4.27
 15.7007        3.94
 15.7177        4.11
 15.7347        4.93
 15.7517        4.27
 15.7687        3.78
 15.7857        3.61
 15.8027        3.45
 15.8197        4.27
 15.8367        4.76
 15.8537        3.29
 15.8707        3.29
 15.8877        3.29
 15.9047        2.96
 15.9217        3.12
 15.9387        4.93
 15.9557        2.30
 15.9727        5.26
 15.9897        3.61
 16.0067        3.45
 16.0237        3.78
 16.0407        2.46
 16.0577        3.45
 16.0747        4.43
 16.0917        4.60
 16.1087        3.12
 16.1257        4.60
 16.1427        3.12
 16.1597        3.45
 16.1767        4.27
 16.1937        4.76
 16.2107        3.61
 16.2277        4.11
 16.2447        4.43
 16.2617        4.76
 16.2787        5.09
 16.2957        2.96
 16.3127        2.79
 16.3297        3.45
 16.3467        3.78
 16.3637        4.27
 16.3807        4.76
 16.3977        5.42
 16.4147        4.43
 16.4317        2.63
 16.4487        3.12
 16.4657        3.45
 16.4827        3.45
 16.4997        3.78
 16.5167        3.45
 16.5337        3.12
 16.5507        4.11
 16.5677        4.60
 16.5847        3.94
 16.6017        3.61
 16.6187        3.78
 16.6357        2.79
 16.6527        4.27
 16.6697        2.79
 16.6867        1.97
 16.7037        3.94
 16.7207        5.26
 16.7377        3.61
 16.7547        3.61
 16.7717        4.43
 16.7887        3.78
 16.8057        4.76
 16.8227        3.45
 16.8397        4.60
 16.8567        3.94
 16.8737        3.94
 16.8907        3.78
 16.9077        3.61
 16.9247        4.27
 16.9417        3.29
 16.9587        2.14
 16.9757        3.61
 16.9927        5.75
 17.0097        4.76
 17.0267        4.11
 17.0437        4.11
 17.0607        3.61
 17.0777        3.94
 17.0947        4.27
 17.1117        4.27
 17.1287        4.11
 17.1457        3.94
 17.1627        4.60
 17.1797        3.94
 17.1967        3.61
 17.2137        4.11
 17.2307        4.93
 17.2477        4.93
 17.2647        3.29
 17.2817        3.94
 17.2987        3.61
 17.3157        4.43
 17.3327        3.94
 17.3497        3.45
 17.3667        4.76
 17.3837        4.43
 17.4007        3.29
 17.4177        4.11
 17.4347        3.12
 17.4517        3.29
 17.4687        4.76
 17.4857        3.45
 17.5027        3.29
 17.5197        3.29
 17.5367        3.61
 17.5537        3.12
 17.5707        4.27
 17.5877        3.94
 17.6047        3.29
 17.6217        3.78
 17.6387        3.61
 17.6557        3.61
 17.6727        3.29
 17.6897        3.94
 17.7067        4.93
 17.7237        4.11
 17.7407        3.12
 17.7577        3.61
 17.7747        4.60
 17.7917        4.11
 17.8087        3.29
 17.8257        3.45
 17.8427        3.61
 17.8597        4.43
 17.8767        4.60
 17.8937        3.45
 17.9107        3.45
 17.9277        3.45
 17.9447        2.79
 17.9617        4.43
 17.9787        3.78
 17.9957        3.61
 18.0127        5.09
 18.0297        3.94
 18.0467        3.78
 18.0637        1.97
 18.0807        5.26
 18.0977        3.61
 18.1147        4.60
 18.1317        3.94
 18.1487        4.76
 18.1657        6.24
 18.1827        4.27
 18.1997        3.45
 18.2167        4.76
 18.2337        5.58
 18.2507        5.58
 18.2677        4.76
 18.2847        3.94
 18.3017        3.94
 18.3187        3.45
 18.3357        3.61
 18.3527        5.26
 18.3697        4.76
 18.3867        4.27
 18.4037        5.91
 18.4207        4.93
 18.4377        4.11
 18.4547        4.43
 18.4717        4.60
 18.4887        4.93
 18.5057        3.61
 18.5227        4.27
 18.5397        4.76
 18.5567        4.76
 18.5737        3.94
 18.5907        3.45
 18.6077        3.29
 18.6247        4.27
 18.6417        5.26
 18.6587        4.43
 18.6757        4.76
 18.6927        4.43
 18.7097        5.09
 18.7267        3.94
 18.7437        3.45
 18.7607        3.45
 18.7777        3.12
 18.7947        3.45
 18.8117        3.78
 18.8287        5.09
 18.8457        3.29
 18.8627        4.27
 18.8797        5.58
 18.8967        5.75
 18.9137        6.08
 18.9307        4.43
 18.9477        4.60
 18.9647        4.60
 18.9817        4.93
 18.9987        4.11
 19.0157        3.78
 19.0327        3.94
 19.0497        3.61
 19.0667        3.45
 19.0837        4.27
 19.1007        4.93
 19.1177        4.11
 19.1347        3.61
 19.1517        4.43
 19.1687        5.09
 19.1857        5.09
 19.2027        4.11
 19.2197        4.11
 19.2367        4.43
 19.2537        3.29
 19.2707        3.78
 19.2877        4.43
 19.3047        3.61
 19.3217        5.58
 19.3387        4.76
 19.3557        4.60
 19.3727        4.27
 19.3897        3.12
 19.4067        5.58
 19.4237        4.60
 19.4407        3.45
 19.4577        4.93
 19.4747        4.76
 19.4917        4.93
 19.5087        4.60
 19.5257        5.75
 19.5427        3.94
 19.5597        4.76
 19.5767        3.94
 19.5937        4.11
 19.6107        4.43
 19.6277        4.76
 19.6447        4.60
 19.6617        4.60
 19.6787        4.11
 19.6957        4.76
 19.7127        4.60
 19.7297        3.78
 19.7467        3.61
 19.7637        4.43
 19.7807        4.60
 19.7977        3.94
 19.8147        4.27
 19.8317        4.43
 19.8487        4.43
 19.8657        5.09
 19.8827        4.93
 19.8997        4.27
 19.9167        3.78
 19.9337        4.43
 19.9507        5.91
 19.9677        4.76
 19.9847        4.60
 20.0017        5.26
 20.0187        4.60
 20.0357        3.78
 20.0527        3.94
 20.0697        3.45
 20.0867        5.91
 20.1037        4.76
 20.1207        4.93
 20.1377        5.91
 20.1547        6.41
 20.1717        5.42
 20.1887        7.23
 20.2057        6.08
 20.2227        4.76
 20.2397        3.94
 20.2567        4.43
 20.2737        4.93
 20.2907        5.91
 20.3077        5.91
 20.3247        5.91
 20.3417        5.58
 20.3587        5.75
 20.3757        5.42
 20.3927        4.76
 20.4097        5.26
 20.4267        6.90
 20.4437        7.56
 20.4607        7.39
 20.4777        7.88
 20.4947        8.21
 20.5117        7.88
 20.5287        8.54
 20.5457        8.71
 20.5627        8.87
 20.5797       10.18
 20.5967        9.36
 20.6137       11.50
 20.6307       13.14
 20.6477       16.59
 20.6647       20.20
 20.6817       26.94
 20.6987       34.17
 20.7157       55.85
 20.7327       81.96
 20.7497      128.29
 20.7667      159.17
 20.7837      180.03
 20.8007      191.20
 20.8177      169.35
 20.8347      139.45
 20.8517      107.92
 20.8687       71.62
 20.8857       49.77
 20.9027       30.06
 20.9197       19.05
 20.9367       14.29
 20.9537       11.83
 20.9707       10.68
 20.9877       11.17
 21.0047       10.18
 21.0217        8.05
 21.0387        8.38
 21.0557        8.71
 21.0727        8.71
 21.0897        7.88
 21.1067        7.72
 21.1237        7.23
 21.1407        6.08
 21.1577        5.58
 21.1747        5.26
 21.1917        5.58
 21.2087        6.57
 21.2257        6.08
 21.2427        4.93
 21.2597        5.75
 21.2767        4.76
 21.2937        3.61
 21.3107        4.76
 21.3277        5.09
 21.3447        5.75
 21.3617        5.42
 21.3787        5.26
 21.3957        4.93
 21.4127        4.93
 21.4297        6.90
 21.4467        5.42
 21.4637        4.60
 21.4807        6.24
 21.4977        3.94
 21.5147        3.45
 21.5317        3.94
 21.5487        5.75
 21.5657        6.08
 21.5827        4.93
 21.5997        5.09
 21.6167        5.26
 21.6337        4.60
 21.6507        4.60
 21.6677        5.42
 21.6847        6.08
 21.7017        6.08
 21.7187        4.76
 21.7357        3.61
 21.7527        4.76
 21.7697        6.08
 21.7867        5.42
 21.8037        4.60
 21.8207        4.60
 21.8377        5.75
 21.8547        6.24
 21.8717        5.26
 21.8887        4.93
 21.9057        5.09
 21.9227        5.75
 21.9397        5.09
 21.9567        4.27
 21.9737        4.93
 21.9907        3.78
 22.0077        3.78
 22.0247        4.93
 22.0417        5.26
 22.0587        3.29
 22.0757        4.43
 22.0927        4.93
 22.1097        5.42
 22.1267        6.41
 22.1437        5.09
 22.1607        5.91
 22.1777        4.27
 22.1947        7.06
 22.2117        4.27
 22.2287        4.43
 22.2457        4.11
 22.2627        3.45
 22.2797        4.76
 22.2967        3.12
 22.3137        4.76
 22.3307        4.76
 22.3477        4.43
 22.3647        5.42
 22.3817        4.43
 22.3987        4.93
 22.4157        6.08
 22.4327        5.75
 22.4497        5.26
 22.4667        4.76
 22.4837        4.43
 22.5007        3.94
 22.5177        4.11
 22.5347        5.09
 22.5517        5.26
 22.5687        5.58
 22.5857        4.60
 22.6027        4.43
 22.6197        5.75
 22.6367        4.76
 22.6537        5.42
 22.6707        6.41
 22.6877        4.76
 22.7047        4.60
 22.7217        5.09
 22.7387        5.75
 22.7557        5.26
 22.7727        7.23
 22.7897        5.26
 22.8067        4.60
 22.8237        4.11
 22.8407        6.08
 22.8577        5.58
 22.8747        4.60
 22.8917        5.42
 22.9087        5.58
 22.9257        3.94
 22.9427        3.12
 22.9597        4.60
 22.9767        4.76
 22.9937        5.09
 23.0107        4.27
 23.0277        3.94
 23.0447        3.94
 23.0617        4.76
 23.0787        4.27
 23.0957        4.76
 23.1127        5.58
 23.1297        4.76
 23.1467        4.93
 23.1637        5.75
 23.1807        5.58
 23.1977        5.09
 23.2147        4.60
 23.2317        4.60
 23.2487        4.76
 23.2657        5.09
 23.2827        4.93
 23.2997        4.93
 23.3167        4.60
 23.3337        4.27
 23.3507        5.09
 23.3677        4.27
 23.3847        5.58
 23.4017        5.58
 23.4187        5.75
 23.4357        6.41
 23.4527        6.57
 23.4697        5.09
 23.4867        7.06
 23.5037        4.11
 23.5207        5.58
 23.5377        4.27
 23.5547        5.75
 23.5717        5.75
 23.5887        7.56
 23.6057        5.75
 23.6227        4.60
 23.6397        5.42
 23.6567        4.93
 23.6737        5.58
 23.6907        5.09
 23.7077        6.24
 23.7247        4.43
 23.7417        4.60
 23.7587        5.09
 23.7757        5.58
 23.7927        5.91
 23.8097        5.75
 23.8267        5.09
 23.8437        4.76
 23.8607        5.75
 23.8777        6.08
 23.8947        6.24
 23.9117        6.08
 23.9287        4.76
 23.9457        5.26
 23.9627        5.42
 23.9797        6.24
 23.9967        5.26
 24.0137        4.93
 24.0307        5.91
 24.0477        5.42
 24.0647        5.42
 24.0817        4.93
 24.0987        5.75
 24.1157        4.93
 24.1327        3.78
 24.1497        5.75
 24.1667        5.58
 24.1837        4.43
 24.2007        3.29
 24.2177        6.08
 24.2347        5.75
 24.2517        6.73
 24.2687        6.41
 24.2857        5.75
 24.3027        4.60
 24.3197        6.24
 24.3367        5.91
 24.3537        5.26
 24.3707        5.91
 24.3877        4.93
 24.4047        4.11
 24.4217        3.94
 24.4387        4.27
 24.4557        4.60
 24.4727        4.76
 24.4897        4.11
 24.5067        4.76
 24.5237        5.42
 24.5407        5.09
 24.5577        5.26
 24.5747        4.93
 24.5917        4.27
 24.6087        3.61
 24.6257        4.27
 24.6427        5.42
 24.6597        5.09
 24.6767        5.42
 24.6937        6.24
 24.7107        4.93
 24.7277        6.08
 24.7447        4.60
 24.7617        4.43
 24.7787        4.76
 24.7957        4.60
 24.8127        5.42
 24.8297        4.11
 24.8467        5.58
 24.8637        5.42
 24.8807        4.93
 24.8977        3.94
 24.9147        5.58
 24.9317        4.76
 24.9487        7.06
 24.9657        4.60
 24.9827        4.60
 24.9997        5.26
 25.0167        5.58
 25.0337        6.24
 25.0507        5.09
 25.0677        5.26
 25.0847        5.58
 25.1017        5.91
 25.1187        4.43
 25.1357        3.78
 25.1527        5.42
 25.1697        6.24
 25.1867        6.90
 25.2037        6.24
 25.2207        5.09
 25.2377        5.75
 25.2547        6.24
 25.2717        6.57
 25.2887        5.91
 25.3057        5.75
 25.3227        5.91
 25.3397        7.06
 25.3567        4.11
 25.3737        4.76
 25.3907        5.26
 25.4077        5.91
 25.4247        5.09
 25.4417        7.23
 25.4587        6.73
 25.4757        6.24
 25.4927        6.24
 25.5097        7.88
 25.5267        7.56
 25.5437        7.88
 25.5607        6.90
 25.5777        5.91
 25.5947        7.39
 25.6117        9.69
 25.6287        8.21
 25.6457        9.53
 25.6627       10.18
 25.6797       10.35
 25.6967        9.69
 25.7137        9.69
 25.7307        9.53
 25.7477        9.86
 25.7647       10.35
 25.7817        9.20
 25.7987        9.36
 25.8157       10.84
 25.8327       10.84
 25.8497       10.35
 25.8667       11.33
 25.8837       10.84
 25.9007        9.20
 25.9177        9.03
 25.9347        8.21
 25.9517        8.21
 25.9687        9.53
 25.9857        9.53
 26.0027       11.50
 26.0197       10.84
 26.0367        9.36
 26.0537       10.35
 26.0707       11.33
 26.0877        9.69
 26.1047        7.88
 26.1217       10.51
 26.1387       10.18
 26.1557       14.29
 26.1727       12.98
 26.1897       13.47
 26.2067       14.78
 26.2237       15.44
 26.2407       18.23
 26.2577       17.74
 26.2747       20.37
 26.2917       25.46
 26.3087       26.61
 26.3257       30.55
 26.3427       31.21
 26.3597       34.33
 26.3767       39.26
 26.3937       42.05
 26.4107       56.34
 26.4277       63.90
 26.4447       80.81
 26.4617      112.84
 26.4787      174.28
 26.4957      261.33
 26.5127      396.52
 26.5297      598.06
 26.5467      817.18
 26.5637      979.80
 26.5807     1000.00
 26.5977      893.56
 26.6147      767.25
 26.6317      652.27
 26.6487      528.42
 26.6657      359.56
 26.6827      235.38
 26.6997      144.38
 26.7167       84.76
 26.7337       56.01
 26.7507       39.42
 26.7677       34.66
 26.7847       32.85
 26.8017       29.24
 26.8187       28.58
 26.8357       24.31
 26.8527       18.23
 26.8697       18.73
 26.8867       20.53
 26.9037       14.29
 26.9207       14.13
 26.9377       12.81
 26.9547        9.53
 26.9717       10.84
 26.9887       10.51
 27.0057       10.18
 27.0227       10.51
 27.0397       11.33
 27.0567        9.69
 27.0737        9.69
 27.0907        8.21
 27.1077        8.71
 27.1247        9.53
 27.1417       10.02
 27.1587        8.54
 27.1757        8.38
 27.1927        8.05
 27.2097        7.39
 27.2267        8.05
 27.2437        8.54
 27.2607        8.21
 27.2777        8.21
 27.2947        8.71
 27.3117        9.03
 27.3287        9.03
 27.3457        8.71
 27.3627        8.54
 27.3797       10.18
 27.3967        9.69
 27.4137        7.23
 27.4307        6.73
 27.4477        7.88
 27.4647        6.24
 27.4817        7.56
 27.4987        8.54
 27.5157        5.42
 27.5327        5.09
 27.5497        5.75
 27.5667        4.43
 27.5837        8.21
 27.6007        7.39
 27.6177        6.24
 27.6347        4.27
 27.6517        7.72
 27.6687        6.41
 27.6857        5.58
 27.7027        6.90
 27.7197        4.27
 27.7367        5.42
 27.7537        6.57
 27.7707        6.24
 27.7877        5.09
 27.8047        3.61
 27.8217        4.76
 27.8387        6.24
 27.8557        5.91
 27.8727        6.08
 27.8897        5.58
 27.9067        4.93
 27.9237        5.42
 27.9407        5.42
 27.9577        5.58
 27.9747        5.26
 27.9917        3.94
 28.0087        5.75
 28.0257        7.06
 28.0427        5.09
 28.0597        4.27
 28.0767        5.09
 28.0937        6.41
 28.1107        3.78
 28.1277        3.61
 28.1447        3.45
 28.1617        4.11
 28.1787        4.93
 28.1957        3.94
 28.2127        4.60
 28.2297        5.26
 28.2467        3.94
 28.2637        5.42
 28.2807        5.58
 28.2977        4.11
 28.3147        4.60
 28.3317        4.93
 28.3487        4.76
 28.3657        5.75
 28.3827        5.09
 28.3997        5.09
 28.4167        4.76
 28.4337        5.42
 28.4507        4.93
 28.4677        4.11
 28.4847        4.43
 28.5017        4.27
 28.5187        4.27
 28.5357        4.27
 28.5527        4.43
 28.5697        3.94
 28.5867        3.78
 28.6037        4.43
 28.6207        3.94
 28.6377        2.96
 28.6547        4.27
 28.6717        5.09
 28.6887        4.27
 28.7057        3.61
 28.7227        3.78
 28.7397        5.09
 28.7567        5.09
 28.7737        4.27
 28.7907        4.11
 28.8077        4.43
 28.8247        2.96
 28.8417        4.11
 28.8587        4.43
 28.8757        3.78
 28.8927        4.11
 28.9097        5.42
 28.9267        3.94
 28.9437        4.60
 28.9607        4.11
 28.9777        5.42
 28.9947        5.09
 29.0117        3.94
 29.0287        4.43
 29.0457        2.96
 29.0627        4.43
 29.0797        6.24
 29.0967        4.76
 29.1137        4.93
 29.1307        4.93
 29.1477        3.61
 29.1647        3.61
 29.1817        4.76
 29.1987        4.93
 29.2157        5.26
 29.2327        5.42
 29.2497        4.93
 29.2667        4.76
 29.2837        4.43
 29.3007        3.61
 29.3177        3.61
 29.3347        3.61
 29.3517        3.29
 29.3687        3.45
 29.3857        3.94
 29.4027        4.93
 29.4197        4.27
 29.4367        3.29
 29.4537        3.78
 29.4707        3.45
 29.4877        3.29
 29.5047        4.43
 29.5217        3.61
 29.5387        3.45
 29.5557        2.46
 29.5727        4.43
 29.5897        3.78
 29.6067        4.93
 29.6237        3.78
 29.6407        4.43
 29.6577        3.61
 29.6747        4.27
 29.6917        4.60
 29.7087        4.60
 29.7257        3.61
 29.7427        4.60
 29.7597        3.61
 29.7767        3.12
 29.7937        3.29
 29.8107        3.45
 29.8277        4.27
 29.8447        3.78
 29.8617        3.94
 29.8787        4.11
 29.8957        4.27
 29.9127        5.09
 29.9297        4.60
 29.9467        3.61
 29.9637        4.11
 29.9807        4.27
 29.9977        4.27
 30.0147        3.78
 30.0317        3.29
 30.0487        5.42
 30.0657        5.91
 30.0827        5.26
 30.0997        4.11
 30.1167        5.42
 30.1337        4.93
 30.1507        4.60
 30.1677        4.76
 30.1847        3.94
 30.2017        4.43
 30.2187        4.60
 30.2357        3.61
 30.2527        4.60
 30.2697        4.11
 30.2867        3.61
 30.3037        5.09
 30.3207        3.45
 30.3377        5.42
 30.3547        4.93
 30.3717        3.78
 30.3887        3.94
 30.4057        6.41
 30.4227        5.09
 30.4397        5.26
 30.4567        4.93
 30.4737        3.94
 30.4907        4.60
 30.5077        5.42
 30.5247        4.93
 30.5417        5.58
 30.5587        4.43
 30.5757        4.27
 30.5927        5.26
 30.6097        5.75
 30.6267        6.08
 30.6437        5.91
 30.6607        5.91
 30.6777        6.24
 30.6947        6.57
 30.7117        5.26
 30.7287        5.09
 30.7457        4.76
 30.7627        5.42
 30.7797        4.76
 30.7967        3.29
 30.8137        3.61
 30.8307        4.76
 30.8477        5.42
 30.8647        3.94
 30.8817        4.27
 30.8987        5.58
 30.9157        2.96
 30.9327        3.94
 30.9497        3.45
 30.9667        3.45
 30.9837        5.42
 31.0007        3.94
 31.0177        4.11
 31.0347        3.78
 31.0517        4.60
 31.0687        5.42
 31.0857        4.11
 31.1027        4.11
 31.1197        4.60
 31.1367        3.45
 31.1537        3.94
 31.1707        3.61
 31.1877        4.43
 31.2047        4.11
 31.2217        3.78
 31.2387        4.93
 31.2557        4.76
 31.2727        4.76
 31.2897        5.42
 31.3067        5.58
 31.3237        5.42
 31.3407        4.43
 31.3577        3.61
 31.3747        3.29
 31.3917        3.29
 31.4087        4.11
 31.4257        3.29
 31.4427        3.78
 31.4597        5.09
 31.4767        4.76
 31.4937        3.94
 31.5107        4.11
 31.5277        4.11
 31.5447        5.26
 31.5617        2.63
 31.5787        3.78
 31.5957        4.43
 31.6127        4.11
 31.6297        2.63
 31.6467        4.43
 31.6637        4.76
 31.6807        5.09
 31.6977        4.27
 31.7147        3.45
 31.7317        3.61
 31.7487        3.61
 31.7657        3.45
 31.7827        3.61
 31.7997        2.79
 31.8167        2.79
 31.8337        3.61
 31.8507        3.78
 31.8677        3.45
 31.8847        3.29
 31.9017        3.61
 31.9187        3.45
 31.9357        3.45
 31.9527        3.45
 31.9697        3.45
 31.9867        3.29
 32.0037        3.29
 32.0207        3.29
 32.0377        2.96
 32.0547        3.45
 32.0717        3.12
 32.0887        2.46
 32.1057        4.11
 32.1227        3.29
 32.1397        3.78
 32.1567        3.45
 32.1737        3.29
 32.1907        3.29
 32.2077        4.93
 32.2247        3.94
 32.2417        3.61
 32.2587        4.27
 32.2757        2.96
 32.2927        3.78
 32.3097        4.11
 32.3267        3.94
 32.3437        3.94
 32.3607        5.42
 32.3777        3.45
 32.3947        4.43
 32.4117        5.42
 32.4287        3.78
 32.4457        3.12
 32.4627        4.60
 32.4797        4.76
 32.4967        3.94
 32.5137        4.43
 32.5307        4.11
 32.5477        2.79
 32.5647        2.79
 32.5817        3.45
 32.5987        3.61
 32.6157        3.78
 32.6327        4.27
 32.6497        3.45
 32.6667        2.46
 32.6837        3.29
 32.7007        3.61
 32.7177        3.12
 32.7347        3.61
 32.7517        3.78
 32.7687        3.45
 32.7857        3.61
 32.8027        2.63
 32.8197        3.45
 32.8367        3.78
 32.8537        2.96
 32.8707        3.12
 32.8877        1.97
 32.9047        3.45
 32.9217        2.46
 32.9387        2.14
 32.9557        4.76
 32.9727        4.43
 32.9897        3.94
 33.0067        3.94
 33.0237        4.11
 33.0407        4.60
 33.0577        4.60
 33.0747        4.76
 33.0917        4.76
 33.1087        3.78
 33.1257        3.94
 33.1427        3.78
 33.1597        3.94
 33.1767        3.94
 33.1937        4.76
 33.2107        4.27
 33.2277        4.43
 33.2447        5.75
 33.2617        4.60
 33.2787        4.60
 33.2957        4.27
 33.3127        3.61
 33.3297        3.94
 33.3467        3.94
 33.3637        3.78
 33.3807        3.78
 33.3977        3.29
 33.4147        3.61
 33.4317        4.11
 33.4487        2.79
 33.4657        2.14
 33.4827        2.96
 33.4997        3.45
 33.5167        3.61
 33.5337        3.29
 33.5507        3.29
 33.5677        2.96
 33.5847        3.94
 33.6017        4.76
 33.6187        4.43
 33.6357        4.11
 33.6527        2.46
 33.6697        1.48
 33.6867        3.12
 33.7037        3.12
 33.7207        2.96
 33.7377        3.29
 33.7547        2.79
 33.7717        2.96
 33.7887        3.45
 33.8057        3.29
 33.8227        1.97
 33.8397        2.46
 33.8567        3.61
 33.8737        3.12
 33.8907        3.29
 33.9077        3.78
 33.9247        3.61
 33.9417        3.61
 33.9587        3.45
 33.9757        3.29
 33.9927        3.45
 34.0097        3.78
 34.0267        3.29
 34.0437        2.63
 34.0607        2.96
 34.0777        2.96
 34.0947        3.61
 34.1117        4.76
 34.1287        3.45
 34.1457        3.61
 34.1627        4.43
 34.1797        4.27
 34.1967        3.78
 34.2137        2.96
 34.2307        3.12
 34.2477        2.96
 34.2647        2.46
 34.2817        2.46
 34.2987        3.45
 34.3157        2.63
 34.3327        2.30
 34.3497        2.96
 34.3667        3.61
 34.3837        2.79
 34.4007        3.12
 34.4177        2.63
 34.4347        3.29
 34.4517        2.30
 34.4687        2.96
 34.4857        3.12
 34.5027        3.12
 34.5197        4.11
 34.5367        4.11
 34.5537        2.63
 34.5707        2.30
 34.5877        2.30
 34.6047        2.14
 34.6217        2.46
 34.6387        3.29
 34.6557        3.12
 34.6727        2.79
 34.6897        2.96
 34.7067        3.29
 34.7237        3.29
 34.7407        2.79
 34.7577        2.96
 34.7747        3.45
 34.7917        3.45
 34.8087        3.94
 34.8257        3.61
 34.8427        3.61
 34.8597        3.78
 34.8767        3.12
 34.8937        3.12
 34.9107        2.63
 34.9277        3.94
 34.9447        2.63
 34.9617        4.11
 34.9787        3.94
 34.9957        3.94
 35.0127        3.29
 35.0297        2.79
 35.0467        2.96
 35.0637        2.96
 35.0807        3.78
 35.0977        3.45
 35.1147        3.61
 35.1317        3.61
 35.1487        3.45
 35.1657        4.93
 35.1827        4.93
 35.1997        3.94
 35.2167        3.29
 35.2337        3.12
 35.2507        2.79
 35.2677        2.79
 35.2847        3.61
 35.3017        4.60
 35.3187        4.27
 35.3357        4.27
 35.3527        3.94
 35.3697        3.78
 35.3867        4.93
 35.4037        5.09
 35.4207        4.76
 35.4377        4.60
 35.4547        5.26
 35.4717        5.26
 35.4887        3.45
 35.5057        4.76
 35.5227        4.93
 35.5397        3.78
 35.5567        4.60
 35.5737        5.26
 35.5907        4.27
 35.6077        5.42
 35.6247        4.76
 35.6417        5.42
 35.6587        4.60
 35.6757        6.90
 35.6927        5.58
 35.7097        6.08
 35.7267        4.93
 35.7437        3.12
 35.7607        4.93
 35.7777        5.26
 35.7947        5.58
 35.8117        4.60
 35.8287        5.91
 35.8457        3.94
 35.8627        4.27
 35.8797        5.58
 35.8967        5.91
 35.9137        4.76
 35.9307        4.76
 35.9477        4.43
 35.9647        3.12
 35.9817        3.78
 35.9987        4.43
 36.0157        4.43
 36.0327        5.42
 36.0497        5.42
 36.0667        4.76
 36.0837        6.24
 36.1007        6.41
 36.1177        4.76
 36.1347        5.58
 36.1517        5.26
 36.1687        6.24
 36.1857        8.38
 36.2027        6.73
 36.2197        5.91
 36.2367        5.58
 36.2537        8.21
 36.2707        7.39
 36.2877        5.75
 36.3047        6.90
 36.3217        7.72
 36.3387        9.03
 36.3557       11.17
 36.3727       11.66
 36.3897       18.23
 36.4067       28.42
 36.4237       43.69
 36.4407       60.12
 36.4577       76.22
 36.4747       77.69
 36.4917       67.67
 36.5087       59.46
 36.5257       53.06
 36.5427       48.29
 36.5597       45.17
 36.5767       42.71
 36.5937       34.17
 36.6107       23.98
 36.6277       15.93
 36.6447       11.33
 36.6617        9.53
 36.6787        7.56
 36.6957        6.08
 36.7127        6.24
 36.7297        6.08
 36.7467        4.60
 36.7637        4.60
 36.7807        5.26
 36.7977        3.78
 36.8147        3.12
 36.8317        3.45
 36.8487        5.75
 36.8657        4.27
 36.8827        3.12
 36.8997        4.93
 36.9167        3.61
 36.9337        3.94
 36.9507        4.43
 36.9677        3.45
 36.9847        2.96
 37.0017        4.60
 37.0187        2.63
 37.0357        4.43
 37.0527        4.43
 37.0697        3.29
 37.0867        4.76
 37.1037        2.14
 37.1207        3.29
 37.1377        1.97
 37.1547        2.46
 37.1717        2.63
 37.1887        4.60
 37.2057        4.93
 37.2227        4.27
 37.2397        3.61
 37.2567        3.45
 37.2737        2.63
 37.2907        4.11
 37.3077        4.11
 37.3247        2.96
 37.3417        2.96
 37.3587        3.29
 37.3757        2.96
 37.3927        2.63
 37.4097        2.79
 37.4267        2.96
 37.4437        2.79
 37.4607        3.61
 37.4777        3.29
 37.4947        2.30
 37.5117        2.63
 37.5287        3.12
 37.5457        2.96
 37.5627        2.96
 37.5797        2.96
 37.5967        1.97
 37.6137        3.12
 37.6307        3.12
 37.6477        4.11
 37.6647        1.81
 37.6817        2.96
 37.6987        3.61
 37.7157        2.79
 37.7327        3.94
 37.7497        2.46
 37.7667        2.30
 37.7837        1.48
 37.8007        3.45
 37.8177        3.61
 37.8347        2.46
 37.8517        2.63
 37.8687        1.97
 37.8857        2.63
 37.9027        2.96
 37.9197        3.12
 37.9367        3.45
 37.9537        2.96
 37.9707        3.45
 37.9877        3.45
 38.0047        3.61
 38.0217        3.78
 38.0387        3.29
 38.0557        3.12
 38.0727        3.29
 38.0897        2.79
 38.1067        2.46
 38.1237        2.96
 38.1407        3.78
 38.1577        2.79
 38.1747        1.81
 38.1917        1.97
 38.2087        2.79
 38.2257        3.78
 38.2427        3.78
 38.2597        3.61
 38.2767        3.29
 38.2937        2.79
 38.3107        3.29
 38.3277        2.46
 38.3447        3.29
 38.3617        2.63
 38.3787        1.48
 38.3957        2.96
 38.4127        2.63
 38.4297        2.30
 38.4467        1.97
 38.4637        2.96
 38.4807        2.46
 38.4977        2.79
 38.5147        2.46
 38.5317        1.97
 38.5487        3.61
 38.5657        3.45
 38.5827        2.30
 38.5997        1.81
 38.6167        2.14
 38.6337        3.12
 38.6507        2.96
 38.6677        3.12
 38.6847        3.12
 38.7017        3.12
 38.7187        3.12
 38.7357        2.96
 38.7527        3.12
 38.7697        3.12
 38.7867        2.46
 38.8037        1.97
 38.8207        1.97
 38.8377        3.45
 38.8547        4.11
 38.8717        3.61
 38.8887        3.78
 38.9057        3.45
 38.9227        3.12
 38.9397        3.78
 38.9567        3.78
 38.9737        3.29
 38.9907        2.30
 39.0077        2.96
 39.0247        3.61
 39.0417        3.29
 39.0587        2.79
 39.0757        2.79
 39.0927        3.29
 39.1097        4.93
 39.1267        4.43
 39.1437        4.76
 39.1607        3.61
 39.1777        4.43
 39.1947        5.75
 39.2117        3.61
 39.2287        5.09
 39.2457        4.76
 39.2627        6.08
 39.2797        7.72
 39.2967       10.18
 39.3137       13.63
 39.3307       19.05
 39.3477       27.76
 39.3647       43.04
 39.3817       55.03
 39.3987       59.13
 39.4157       56.67
 39.4327       49.77
 39.4497       39.91
 39.4667       32.03
 39.4837       31.70
 39.5007       31.70
 39.5177       30.22
 39.5347       24.80
 39.5517       18.40
 39.5687       10.68
 39.5857        7.39
 39.6027        7.56
 39.6197        5.58
 39.6367        5.42
 39.6537        5.91
 39.6707        5.58
 39.6877        3.45
 39.7047        5.91
 39.7217        3.78
 39.7387        3.45
 39.7557        3.61
 39.7727        2.63
 39.7897        4.27
 39.8067        3.45
 39.8237        2.79
 39.8407        3.29
 39.8577        2.79
 39.8747        3.12
 39.8917        2.79
 39.9087        3.12
 39.9257        3.78
 39.9427        4.27
 39.9597        3.78
 39.9767        2.96
 39.9937        4.11
 40.0107        4.27
 40.0277        4.60
 40.0447        3.78
 40.0617        2.14
 40.0787        3.12
 40.0957        4.43
 40.1127        4.93
 40.1297        7.39
 40.1467       10.68
 40.1637       12.65
 40.1807       16.92
 40.1977       25.46
 40.2147       30.72
 40.2317       29.24
 40.2487       25.13
 40.2657       20.70
 40.2827       18.73
 40.2997       16.26
 40.3167       15.11
 40.3337       17.41
 40.3507       14.78
 40.3677       11.66
 40.3847        9.03
 40.4017        3.61
 40.4187        3.29
 40.4357        3.61
 40.4527        4.76
 40.4697        3.61
 40.4867        2.63
 40.5037        3.94
 40.5207        3.29
 40.5377        3.61
 40.5547        3.12
 40.5717        2.96
 40.5887        2.63
 40.6057        4.11
 40.6227        2.96
 40.6397        2.14
 40.6567        2.79
 40.6737        2.79
 40.6907        2.79
 40.7077        2.14
 40.7247        1.81
 40.7417        2.96
 40.7587        3.12
 40.7757        2.96
 40.7927        3.12
 40.8097        3.12
 40.8267        3.45
 40.8437        3.12
 40.8607        3.45
 40.8777        4.27
 40.8947        3.45
 40.9117        2.96
 40.9287        3.45
 40.9457        3.29
 40.9627        3.61
 40.9797        3.12
 40.9967        3.78
 41.0137        4.43
 41.0307        4.43
 41.0477        2.79
 41.0647        3.12
 41.0817        3.94
 41.0987        3.12
 41.1157        2.79
 41.1327        3.29
 41.1497        3.61
 41.1667        2.63
 41.1837        3.29
 41.2007        3.29
 41.2177        2.14
 41.2347        3.12
 41.2517        3.12
 41.2687        3.29
 41.2857        2.79
 41.3027        2.63
 41.3197        2.96
 41.3367        1.81
 41.3537        1.81
 41.3707        2.30
 41.3877        2.46
 41.4047        3.61
 41.4217        2.96
 41.4387        1.97
 41.4557        2.63
 41.4727        2.79
 41.4897        2.14
 41.5067        1.97
 41.5237        2.14
 41.5407        1.64
 41.5577        2.46
 41.5747        2.46
 41.5917        2.46
 41.6087        2.46
 41.6257        2.14
 41.6427        2.79
 41.6597        2.96
 41.6767        2.96
 41.6937        2.46
 41.7107        1.97
 41.7277        2.96
 41.7447        2.63
 41.7617        1.81
 41.7787        2.96
 41.7957        3.45
 41.8127        3.45
 41.8297        2.79
 41.8467        2.96
 41.8637        2.46
 41.8807        2.79
 41.8977        2.46
 41.9147        2.79
 41.9317        4.43
 41.9487        3.61
 41.9657        3.78
 41.9827        3.78
 41.9997        2.46
 42.0167        2.96
 42.0337        3.29
 42.0507        3.45
 42.0677        3.29
 42.0847        3.29
 42.1017        4.27
 42.1187        4.27
 42.1357        3.94
 42.1527        3.29
 42.1697        3.29
 42.1867        4.43
 42.2037        4.93
 42.2207        4.60
 42.2377        5.42
 42.2547        5.91
 42.2717        6.90
 42.2887       10.68
 42.3057       14.29
 42.3227       24.15
 42.3397       32.36
 42.3567       42.38
 42.3737       51.25
 42.3907       55.03
 42.4077       47.47
 42.4247       34.66
 42.4417       28.75
 42.4587       25.46
 42.4757       28.75
 42.4927       33.67
 42.5097       32.19
 42.5267       25.13
 42.5437       16.75
 42.5607       11.83
 42.5777        8.21
 42.5947        6.41
 42.6117        5.42
 42.6287        4.60
 42.6457        4.60
 42.6627        4.76
 42.6797        5.09
 42.6967        4.27
 42.7137        3.94
 42.7307        3.45
 42.7477        2.79
 42.7647        3.61
 42.7817        3.94
 42.7987        3.94
 42.8157        3.61
 42.8327        2.46
 42.8497        2.63
 42.8667        2.79
 42.8837        2.46
 42.9007        2.79
 42.9177        3.61
 42.9347        2.14
 42.9517        2.79
 42.9687        3.12
 42.9857        3.94
 43.0027        4.11
 43.0197        2.46
 43.0367        3.78
 43.0537        3.45
 43.0707        2.63
 43.0877        3.45
 43.1047        2.96
 43.1217        4.43
 43.1387        2.63
 43.1557        3.29
 43.1727        3.29
 43.1897        2.79
 43.2067        2.46
 43.2237        2.79
 43.2407        2.96
 43.2577        4.27
 43.2747        2.46
 43.2917        3.29
 43.3087        3.61
 43.3257        3.29
 43.3427        2.96
 43.3597        3.12
 43.3767        1.97
 43.3937        1.64
 43.4107        1.48
 43.4277        1.48
 43.4447        1.81
 43.4617        2.46
 43.4787        2.96
 43.4957        3.12
 43.5127        3.29
 43.5297        3.12
 43.5467        3.29
 43.5637        3.29
 43.5807        2.46
 43.5977        2.14
 43.6147        2.46
 43.6317        3.29
 43.6487        2.79
 43.6657        3.78
 43.6827        3.29
 43.6997        2.63
 43.7167        3.94
 43.7337        2.79
 43.7507        3.45
 43.7677        2.96
 43.7847        2.79
 43.8017        3.94
 43.8187        3.12
 43.8357        2.30
 43.8527        2.79
 43.8697        4.27
 43.8867        2.96
 43.9037        1.97
 43.9207        2.46
 43.9377        1.81
 43.9547        4.27
 43.9717        3.94
 43.9887        2.63
 44.0057        2.46
 44.0227        2.46
 44.0397        3.12
 44.0567        2.30
 44.0737        2.96
 44.0907        3.12
 44.1077        2.96
 44.1247        2.79
 44.1417        2.46
 44.1587        2.63
 44.1757        3.61
 44.1927        3.78
 44.2097        3.12
 44.2267        3.29
 44.2437        2.96
 44.2607        2.46
 44.2777        2.14
 44.2947        3.29
 44.3117        3.45
 44.3287        2.96
 44.3457        1.97
 44.3627        2.79
 44.3797        3.12
 44.3967        3.61
 44.4137        3.94
 44.4307        2.79
 44.4477        3.29
 44.4647        2.30
 44.4817        3.78
 44.4987        2.63
 44.5157        3.12
 44.5327        1.64
 44.5497        1.81
 44.5667        3.12
 44.5837        2.14
 44.6007        3.61
 44.6177        3.45
 44.6347        2.96
 44.6517        2.79
 44.6687        2.46
 44.6857        4.60
 44.7027        4.11
 44.7197        3.45
 44.7367        3.78
 44.7537        3.78
 44.7707        2.79
 44.7877        3.45
 44.8047        3.78
 44.8217        2.63
 44.8387        1.81
 44.8557        1.97
 44.8727        2.79
 44.8897        2.30
 44.9067        2.46
 44.9237        3.12
 44.9407        2.30
 44.9577        2.14
 44.9747        2.79
 44.9917        3.12
 45.0087        2.79
 45.0257        2.14
 45.0427        3.29
 45.0597        3.45
 45.0767        1.97
 45.0937        2.79
 45.1107        2.96
 45.1277        2.96
 45.1447        3.45
 45.1617        3.29
 45.1787        3.12
 45.1957        3.94
 45.2127        3.12
 45.2297        1.64
 45.2467        2.63
 45.2637        3.29
 45.2807        2.14
 45.2977        2.96
 45.3147        3.61
 45.3317        3.12
 45.3487        3.29
 45.3657        2.46
 45.3827        2.79
 45.3997        3.29
 45.4167        3.29
 45.4337        3.45
 45.4507        3.94
 45.4677        3.61
 45.4847        4.11
 45.5017        4.27
 45.5187        3.78
 45.5357        3.61
 45.5527        3.78
 45.5697        3.94
 45.5867        3.78
 45.6037        4.43
 45.6207        4.11
 45.6377        4.76
 45.6547        8.21
 45.6717       10.84
 45.6887       17.74
 45.7057       22.50
 45.7227       24.47
 45.7397       24.15
 45.7567       22.34
 45.7737       16.59
 45.7907       17.74
 45.8077       11.50
 45.8247       14.13
 45.8417       11.01
 45.8587       17.25
 45.8757       13.80
 45.8927        9.69
 45.9097        8.38
 45.9267        5.58
 45.9437        4.76
 45.9607        4.60
 45.9777        3.61
 45.9947        3.45
 46.0117        2.63
 46.0287        2.30
 46.0457        2.63
 46.0627        4.27
 46.0797        2.96
 46.0967        1.97
 46.1137        2.96
 46.1307        2.96
 46.1477        2.63
 46.1647        2.46
 46.1817        2.46
 46.1987        2.14
 46.2157        2.30
 46.2327        2.46
 46.2497        2.14
 46.2667        2.46
 46.2837        2.14
 46.3007        2.63
 46.3177        2.30
 46.3347        1.97
 46.3517        2.46
 46.3687        1.64
 46.3857        2.79
 46.4027        3.29
 46.4197        3.29
 46.4367        2.63
 46.4537        3.29
 46.4707        1.97
 46.4877        3.12
 46.5047        3.94
 46.5217        2.30
 46.5387        2.79
 46.5557        1.97
 46.5727        1.48
 46.5897        2.14
 46.6067        2.46
 46.6237        2.63
 46.6407        1.97
 46.6577        2.79
 46.6747        1.81
 46.6917        1.31
 46.7087        2.14
 46.7257        2.63
 46.7427        2.30
 46.7597        1.81
 46.7767        1.97
 46.7937        1.97
 46.8107        1.81
 46.8277        1.48
 46.8447        1.81
 46.8617        2.14
 46.8787        1.48
 46.8957        2.14
 46.9127        3.29
 46.9297        2.79
 46.9467        2.63
 46.9637        2.63
 46.9807        2.96
 46.9977        2.96
 47.0147        2.46
 47.0317        2.30
 47.0487        2.30
 47.0657        2.63
 47.0827        2.30
 47.0997        1.97
 47.1167        2.63
 47.1337        3.29
 47.1507        2.63
 47.1677        1.97
 47.1847        2.46
 47.2017        2.30
 47.2187        2.30
 47.2357        3.61
 47.2527        3.45
 47.2697        2.96
 47.2867        2.14
 47.3037        1.97
 47.3207        1.97
 47.3377        2.46
 47.3547        2.46
 47.3717        2.30
 47.3887        1.97
 47.4057        1.31
 47.4227        1.97
 47.4397        1.97
 47.4567        2.46
 47.4737        2.79
 47.4907        2.30
 47.5077        2.63
 47.5247        2.96
 47.5417        1.81
 47.5587        2.14
 47.5757        3.45
 47.5927        3.12
 47.6097        2.63
 47.6267        2.30
 47.6437        1.48
 47.6607        1.64
 47.6777        2.30
 47.6947        2.14
 47.7117        2.63
 47.7287        2.30
 47.7457        2.30
 47.7627        1.64
 47.7797        1.48
 47.7967        2.46
 47.8137        3.12
 47.8307        2.46
 47.8477        2.79
 47.8647        1.64
 47.8817        2.30
 47.8987        1.81
 47.9157        2.96
 47.9327        1.81
 47.9497        2.63
 47.9667        2.30
 47.9837        1.97
 48.0007        2.96
 48.0177        3.12
 48.0347        2.96
 48.0517        1.97
 48.0687        2.30
 48.0857        2.30
 48.1027        2.46
 48.1197        2.96
 48.1367        2.79
 48.1537        2.79
 48.1707        2.30
 48.1877        2.30
 48.2047        1.81
 48.2217        1.48
 48.2387        1.81
 48.2557        1.81
 48.2727        2.30
 48.2897        3.12
 48.3067        2.46
 48.3237        2.30
 48.3407        2.46
 48.3577        2.46
 48.3747        1.97
 48.3917        2.63
 48.4087        2.96
 48.4257        2.96
 48.4427        1.97
 48.4597        2.46
 48.4767        2.30
 48.4937        1.64
 48.5107        1.31
 48.5277        1.15
 48.5447        2.63
 48.5617        2.79
 48.5787        2.63
 48.5957        2.63
 48.6127        1.81
 48.6297        2.46
 48.6467        3.29
 48.6637        3.12
 48.6807        2.63
 48.6977        2.96
 48.7147        1.64
 48.7317        1.64
 48.7487        2.30
 48.7657        2.63
 48.7827        2.63
 48.7997        1.97
 48.8167        2.14
 48.8337        2.46
 48.8507        2.63
 48.8677        3.12
 48.8847        2.79
 48.9017        2.63
 48.9187        2.79
 48.9357        3.12
 48.9527        3.45
 48.9697        2.79
 48.9867        2.79
 49.0037        2.96
 49.0207        1.64
 49.0377        2.63
 49.0547        2.96
 49.0717        3.29
 49.0887        1.97
 49.1057        2.14
 49.1227        2.79
 49.1397        2.79
 49.1567        1.48
 49.1737        1.81
 49.1907        2.63
 49.2077        2.96
 49.2247        1.97
 49.2417        3.29
 49.2587        3.12
 49.2757        2.63
 49.2927        2.79
 49.3097        3.45
 49.3267        3.12
 49.3437        2.63
 49.3607        2.14
 49.3777        3.12
 49.3947        2.79
 49.4117        1.48
 49.4287        2.46
 49.4457        3.29
 49.4627        3.12
 49.4797        3.29
 49.4967        2.46
 49.5137        1.97
 49.5307        2.63
 49.5477        2.46
 49.5647        2.30
 49.5817        2.46
 49.5987        2.30
 49.6157        2.63
 49.6327        2.30
 49.6497        2.46
 49.6667        2.96
 49.6837        2.30
 49.7007        3.12
 49.7177        3.12
 49.7347        3.12
 49.7517        3.94
 49.7687        4.76
 49.7857        5.42
 49.8027        5.26
 49.8197        5.09
 49.8367        4.93
 49.8537        5.42
 49.8707        6.90
 49.8877        7.06
 49.9047        6.24
 49.9217        7.88
 49.9387        8.05
 49.9557        9.86
 49.9727       14.45
 49.9897       23.32
 50.0067       28.42
 50.0237       39.91
 50.0407       50.26
 50.0577       76.38
 50.0747       95.76
 50.0917      102.66
 50.1087       83.61
 50.1257       57.98
 50.1427       40.74
 50.1597       34.99
 50.1767       35.64
 50.1937       42.54
 50.2107       52.23
 50.2277       50.92
 50.2447       42.05
 50.2617       30.72
 50.2787       18.73
 50.2957       12.65
 50.3127        8.87
 50.3297        6.90
 50.3467        5.58
 50.3637        3.94
 50.3807        4.93
 50.3977        4.60
 50.4147        4.60
 50.4317        3.45
 50.4487        4.93
 50.4657        3.78
 50.4827        3.45
 50.4997        4.11
 50.5167        4.60
 50.5337        3.61
 50.5507        6.73
 50.5677        6.41
 50.5847        6.08
 50.6017        2.96
 50.6187        4.43
 50.6357        2.96
 50.6527        3.45
 50.6697        3.12
 50.6867        3.12
 50.7037        3.94
 50.7207        4.60
 50.7377        3.94
 50.7547        3.45
 50.7717        3.29
 50.7887        2.96
 50.8057        1.81
 50.8227        1.97
 50.8397        2.46
 50.8567        2.79
 50.8737        2.79
 50.8907        2.96
 50.9077        2.79
 50.9247        2.96
 50.9417        2.96
 50.9587        2.30
 50.9757        2.30
 50.9927        1.97
 51.0097        1.31
 51.0267        1.48
 51.0437        2.14
 51.0607        1.97
 51.0777        2.30
 51.0947        2.30
 51.1117        2.30
 51.1287        1.64
 51.1457        2.63
 51.1627        1.64
 51.1797        3.12
 51.1967        2.46
 51.2137        2.96
 51.2307        2.96
 51.2477        2.79
 51.2647        1.48
 51.2817        2.46
 51.2987        2.46
 51.3157        2.79
 51.3327        2.79
 51.3497        2.46
 51.3667        2.63
 51.3837        2.46
 51.4007        3.29
 51.4177        2.63
 51.4347        1.81
 51.4517        1.48
 51.4687        1.97
 51.4857        2.63
 51.5027        2.63
 51.5197        1.97
 51.5367        2.30
 51.5537        1.64
 51.5707        1.64
 51.5877        2.14
 51.6047        1.81
 51.6217        1.97
 51.6387        2.63
 51.6557        2.30
 51.6727        1.64
 51.6897        1.48
 51.7067        2.14
 51.7237        2.46
 51.7407        2.14
 51.7577        2.14
 51.7747        2.63
 51.7917        2.30
 51.8087        2.46
 51.8257        1.81
 51.8427        2.96
 51.8597        1.48
 51.8767        2.79
 51.8937        1.15
 51.9107        1.48
 51.9277        0.99
 51.9447        1.81
 51.9617        2.30
 51.9787        1.48
 51.9957        2.79
 52.0127        1.48
 52.0297        1.31
 52.0467        1.81
 52.0637        2.30
 52.0807        1.97
 52.0977        1.97
 52.1147        2.96
 52.1317        3.29
 52.1487        2.30
 52.1657        1.97
 52.1827        2.46
 52.1997        2.63
 52.2167        2.46
 52.2337        2.30
 52.2507        1.97
 52.2677        2.14
 52.2847        2.14
 52.3017        1.81
 52.3187        1.97
 52.3357        2.14
 52.3527        2.63
 52.3697        2.30
 52.3867        1.97
 52.4037        3.29
 52.4207        3.12
 52.4377        1.64
 52.4547        1.81
 52.4717        1.97
 52.4887        1.97
 52.5057        2.14
 52.5227        1.48
 52.5397        2.63
 52.5567        1.31
 52.5737        2.63
 52.5907        3.45
 52.6077        1.81
 52.6247        2.30
 52.6417        1.31
 52.6587        2.63
 52.6757        1.97
 52.6927        2.63
 52.7097        1.81
 52.7267        2.30
 52.7437        1.48
 52.7607        0.99
 52.7777        2.30
 52.7947        1.81
 52.8117        2.14
 52.8287        1.64
 52.8457        1.15
 52.8627        1.64
 52.8797        1.64
 52.8967        1.97
 52.9137        2.46
 52.9307        2.79
 52.9477        2.63
 52.9647        2.30
 52.9817        2.79
 52.9987        2.79
 53.0157        2.30
 53.0327        2.63
 53.0497        2.96
 53.0667        2.63
 53.0837        1.81
 53.1007        1.48
 53.1177        1.64
 53.1347        1.15
 53.1517        1.64
 53.1687        1.48
 53.1857        2.63
 53.2027        2.63
 53.2197        3.45
 53.2367        1.31
 53.2537        1.48
 53.2707        1.64
 53.2877        3.29
 53.3047        1.97
 53.3217        2.79
 53.3387        1.97
 53.3557        1.97
 53.3727        1.97
 53.3897        2.46
 53.4067        2.30
 53.4237        1.97
 53.4407        1.64
 53.4577        2.46
 53.4747        1.97
 53.4917        1.81
 53.5087        1.64
 53.5257        1.64
 53.5427        1.64
 53.5597        2.14
 53.5767        1.97
 53.5937        1.48
 53.6107        2.14
 53.6277        2.79
 53.6447        2.79
 53.6617        2.14
 53.6787        1.81
 53.6957        1.81
 53.7127        1.81
 53.7297        1.81
 53.7467        1.64
 53.7637        1.64
 53.7807        1.64
 53.7977        1.31
 53.8147        1.31
 53.8317        1.48
 53.8487        1.48
 53.8657        3.29
 53.8827        3.29
 53.8997        3.94
 53.9167        2.96
 53.9337        2.63
 53.9507        1.48
 53.9677        2.46
 53.9847        2.63
 54.0017        1.97
 54.0187        2.46
 54.0357        1.81
 54.0527        1.81
 54.0697        2.96
 54.0867        2.96
 54.1037        1.48
 54.1207        1.81
 54.1377        1.81
 54.1547        2.63
 54.1717        2.63
 54.1887        2.79
 54.2057        2.79
 54.2227        1.97
 54.2397        1.64
 54.2567        2.14
 54.2737        2.30
 54.2907        2.46
 54.3077        2.79
 54.3247        2.96
 54.3417        2.46
 54.3587        1.97
 54.3757        2.14
 54.3927        2.96
 54.4097        2.63
 54.4267        2.14
 54.4437        2.96
 54.4607        3.61
 54.4777        4.76
 54.4947        3.45
 54.5117        2.96
 54.5287        2.96
 54.5457        4.11
 54.5627        3.61
 54.5797        3.61
 54.5967        5.26
 54.6137        3.78
 54.6307        3.61
 54.6477        4.43
 54.6647        5.09
 54.6817        4.60
 54.6987        6.90
 54.7157        9.03
 54.7327        9.53
 54.7497       11.99
 54.7667       17.25
 54.7837       23.00
 54.8007       31.70
 54.8177       34.66
 54.8347       37.45
 54.8517       35.64
 54.8687       22.67
 54.8857       14.95
 54.9027       11.17
 54.9197       13.30
 54.9367       16.43
 54.9537       18.07
 54.9707       19.05
 54.9877       19.38
 55.0047       16.59
 55.0217       11.50
 55.0387        9.36
 55.0557        7.06
 55.0727        5.09
 55.0897        3.94
 55.1067        4.27
 55.1237        5.58
 55.1407        4.93
 55.1577        4.93
 55.1747        4.11
 55.1917        5.09
 55.2087        6.08
 55.2257        7.72
 55.2427       12.16
 55.2597       12.98
 55.2767       12.32
 55.2937       12.81
 55.3107       10.68
 55.3277        9.53
 55.3447        6.24
 55.3617        7.06
 55.3787        6.90
 55.3957        7.06
 55.4127        7.39
 55.4297        9.36
 55.4467        7.88
 55.4637        6.24
 55.4807        4.60
 55.4977        3.94
 55.5147        3.12
 55.5317        2.79
 55.5487        1.97
 55.5657        2.96
 55.5827        2.96
 55.5997        2.14
 55.6167        2.46
 55.6337        2.96
 55.6507        2.96
 55.6677        2.79
 55.6847        1.97
 55.7017        1.48
 55.7187        1.81
 55.7357        1.97
 55.7527        2.14
 55.7697        2.63
 55.7867        2.96
 55.8037        2.46
 55.8207        2.63
 55.8377        2.96
 55.8547        2.46
 55.8717        1.64
 55.8887        1.97
 55.9057        1.81
 55.9227        1.97
 55.9397        2.46
 55.9567        2.79
 55.9737        2.63
 55.9907        2.79
 56.0077        1.64
 56.0247        2.63
 56.0417        1.64
 56.0587        2.79
 56.0757        2.46
 56.0927        2.79
 56.1097        1.81
 56.1267        1.15
 56.1437        2.79
 56.1607        3.12
 56.1777        2.30
 56.1947        2.79
 56.2117        2.63
 56.2287        2.63
 56.2457        2.46
 56.2627        2.30
 56.2797        2.30
 56.2967        1.81
 56.3137        1.31
 56.3307        2.14
 56.3477        2.96
 56.3647        2.30
 56.3817        2.14
 56.3987        2.79
 56.4157        2.46
 56.4327        1.81
 56.4497        2.46
 56.4667        2.63
 56.4837        2.30
 56.5007        1.48
 56.5177        1.31
 56.5347        1.48
 56.5517        1.81
 56.5687        1.64
 56.5857        2.46
 56.6027        2.79
 56.6197        1.31
 56.6367        1.97
 56.6537        1.64
 56.6707        1.97
 56.6877        1.48
 56.7047        2.79
 56.7217        1.64
 56.7387        2.30
 56.7557        2.30
 56.7727        3.29
 56.7897        1.64
 56.8067        2.63
 56.8237        2.79
 56.8407        2.46
 56.8577        1.97
 56.8747        1.15
 56.8917        1.64
 56.9087        1.97
 56.9257        2.63
 56.9427        2.79
 56.9597        2.63
 56.9767        2.14
 56.9937        2.14
 57.0107        1.97
 57.0277        1.97
 57.0447        2.14
 57.0617        2.30
 57.0787        2.96
 57.0957        3.29
 57.1127        3.61
 57.1297        3.78
 57.1467        3.78
 57.1637        3.61
 57.1807        3.45
 57.1977        3.12
 57.2147        3.61
 57.2317        2.79
 57.2487        3.12
 57.2657        1.97
 57.2827        3.12
 57.2997        4.43
 57.3167        2.79
 57.3337        2.79
 57.3507        3.94
 57.3677        3.61
 57.3847        2.30
 57.4017        2.46
 57.4187        2.96
 57.4357        2.46
 57.4527        1.64
 57.4697        2.46
 57.4867        2.79
 57.5037        2.46
 57.5207        1.64
 57.5377        2.46
 57.5547        2.63
 57.5717        1.64
 57.5887        1.97
 57.6057        2.63
 57.6227        3.12
 57.6397        2.14
 57.6567        1.81
 57.6737        2.63
 57.6907        2.96
 57.7077        2.30
 57.7247        2.30
 57.7417        2.79
 57.7587        2.30
 57.7757        1.64
 57.7927        2.14
 57.8097        2.63
 57.8267        2.30
 57.8437        1.97
 57.8607        1.64
 57.8777        2.96
 57.8947        2.30
 57.9117        2.14
 57.9287        1.81
 57.9457        2.30
 57.9627        1.97
 57.9797        2.63
 57.9967        2.30
 58.0137        3.45
 58.0307        3.12
 58.0477        1.15
 58.0647        2.46
 58.0817        2.30
 58.0987        1.48
 58.1157        2.30
 58.1327        2.46
 58.1497        1.97
 58.1667        1.81
 58.1837        1.97
 58.2007        2.46
 58.2177        2.46
 58.2347        2.96
 58.2517        2.63
 58.2687        2.79
 58.2857        2.14
 58.3027        2.14
 58.3197        2.63
 58.3367        2.46
 58.3537        1.81
 58.3707        1.97
 58.3877        2.63
 58.4047        2.46
 58.4217        2.30
 58.4387        2.96
 58.4557        2.96
 58.4727        1.81
 58.4897        2.14
 58.5067        2.79
 58.5237        2.79
 58.5407        2.63
 58.5577        3.12
 58.5747        3.45
 58.5917        2.46
 58.6087        2.96
 58.6257        2.46
 58.6427        2.14
 58.6597        2.96
 58.6767        1.64
 58.6937        1.64
 58.7107        2.30
 58.7277        3.12
 58.7447        1.81
 58.7617        1.64
 58.7787        2.63
 58.7957        2.63
 58.8127        1.81
 58.8297        2.14
 58.8467        2.63
 58.8637        3.12
 58.8807        3.12
 58.8977        2.30
 58.9147        2.46
 58.9317        2.46
 58.9487        2.79
 58.9657        2.46
 58.9827        2.63
 58.9997        3.12
 59.0167        2.79
 59.0337        2.63
 59.0507        2.30
 59.0677        1.81
 59.0847        1.97
 59.1017        2.63
 59.1187        2.96
 59.1357        2.30
 59.1527        1.97
 59.1697        2.14
 59.1867        2.46
 59.2037        2.63
 59.2207        2.63
 59.2377        3.12
 59.2547        2.14
 59.2717        2.46
 59.2887        2.96
 59.3057        3.45
 59.3227        3.12
 59.3397        2.79
 59.3567        3.61
 59.3737        1.81
 59.3907        1.81
 59.4077        2.63
 59.4247        2.30
 59.4417        4.60
 59.4587        3.29
 59.4757        2.96
 59.4927        3.29
 59.5097        3.29
 59.5267        3.61
 59.5437        4.11
 59.5607        3.94
 59.5777        4.60
 59.5947        3.94
 59.6117        3.94
 59.6287        3.45
 59.6457        5.58
 59.6627        6.57
 59.6797        5.09
 59.6967        4.93
 59.7137        6.08
 59.7307        6.41
 59.7477        6.73
 59.7647        9.20
 59.7817       12.48
 59.7987       14.62
 59.8157       16.10
 59.8327       22.01
 59.8497       34.66
 59.8667       52.07
 59.8837       68.17
 59.9007       76.05
 59.9177       71.45
 59.9347       69.65
 59.9517       48.46
 59.9687       35.15
 59.9857       29.57
 60.0027       24.47
 60.0197       30.88
 60.0367       27.60
 60.0537       34.99
 60.0707       43.20
 60.0877       36.47
 60.1047       31.54
 60.1217       23.65
 60.1387       17.08
 60.1557       12.65
 60.1727       10.02
 60.1897        7.72
 60.2067        5.91
 60.2237        4.76
 60.2407        5.58
 60.2577        4.60
 60.2747        3.78
 60.2917        3.94
 60.3087        3.29
 60.3257        3.45
 60.3427        3.12
 60.3597        3.12
 60.3767        3.45
 60.3937        2.63
 60.4107        2.63
 60.4277        2.96
 60.4447        2.63
 60.4617        3.12
 60.4787        2.46
 60.4957        2.14
 60.5127        3.12
 60.5297        2.30
 60.5467        2.30
 60.5637        3.45
 60.5807        2.79
 60.5977        1.81
 60.6147        1.97
 60.6317        1.97
 60.6487        1.97
 60.6657        3.12
 60.6827        2.79
 60.6997        2.30
 60.7167        2.96
 60.7337        1.81
 60.7507        1.81
 60.7677        1.81
 60.7847        2.63
 60.8017        2.46
 60.8187        1.97
 60.8357        1.81
 60.8527        1.97
 60.8697        2.96
 60.8867        2.96
 60.9037        2.14
 60.9207        2.30
 60.9377        2.14
 60.9547        3.45
 60.9717        3.61
 60.9887        3.12
 61.0057        2.14
 61.0227        1.48
 61.0397        1.48
 61.0567        1.81
 61.0737        2.30
 61.0907        2.63
 61.1077        2.46
 61.1247        1.81
 61.1417        1.64
 61.1587        2.30
 61.1757        2.46
 61.1927        2.14
 61.2097        3.12
 61.2267        2.46
 61.2437        2.30
 61.2607        1.97
 61.2777        2.46
 61.2947        2.63
 61.3117        1.64
 61.3287        1.15
 61.3457        1.64
 61.3627        1.64
 61.3797        1.97
 61.3967        1.15
 61.4137        2.30
 61.4307        1.81
 61.4477        2.96
 61.4647        1.81
 61.4817        2.30
 61.4987        1.97
 61.5157        2.30
 61.5327        1.81
 61.5497        1.81
 61.5667        1.64
 61.5837        1.81
 61.6007        1.48
 61.6177        1.31
 61.6347        2.63
 61.6517        2.46
 61.6687        1.81
 61.6857        1.31
 61.7027        1.64
 61.7197        2.14
 61.7367        2.46
 61.7537        2.14
 61.7707        1.81
 61.7877        2.46
 61.8047        2.79
 61.8217        1.97
 61.8387        1.48
 61.8557        1.97
 61.8727        2.79
 61.8897        2.14
 61.9067        1.97
 61.9237        2.14
 61.9407        2.63
 61.9577        2.63
 61.9747        2.63
 61.9917        2.46
 62.0087        1.15
 62.0257        1.48
 62.0427        2.30
 62.0597        2.63
 62.0767        3.45
 62.0937        2.30
 62.1107        1.97
 62.1277        1.97
 62.1447        1.64
 62.1617        2.30
 62.1787        1.48
 62.1957        2.63
 62.2127        2.96
 62.2297        2.14
 62.2467        1.64
 62.2637        2.14
 62.2807        2.46
 62.2977        3.12
 62.3147        2.30
 62.3317        1.81
 62.3487        2.46
 62.3657        2.63
 62.3827        2.79
 62.3997        2.63
 62.4167        2.79
 62.4337        2.63
 62.4507        1.81
 62.4677        2.30
 62.4847        2.30
 62.5017        2.30
 62.5187        3.29
 62.5357        2.14
 62.5527        1.81
 62.5697        3.12
 62.5867        2.46
 62.6037        2.46
 62.6207        2.63
 62.6377        1.48
 62.6547        1.97
 62.6717        1.97
 62.6887        2.63
 62.7057        1.97
 62.7227        2.46
 62.7397        2.30
 62.7567        0.99
 62.7737        2.96
 62.7907        2.63
 62.8077        3.12
 62.8247        2.63
 62.8417        2.30
 62.8587        2.30
 62.8757        1.97
 62.8927        2.30
 62.9097        1.97
 62.9267        2.79
 62.9437        2.14
 62.9607        2.46
 62.9777        3.12
 62.9947        3.29
 63.0117        2.63
 63.0287        2.14
 63.0457        2.63
 63.0627        2.46
 63.0797        2.63
 63.0967        3.29
 63.1137        3.12
 63.1307        2.14
 63.1477        1.97
 63.1647        2.79
 63.1817        2.63
 63.1987        1.97
 63.2157        1.64
 63.2327        2.63
 63.2497        2.30
 63.2667        1.81
 63.2837        1.97
 63.3007        1.64
 63.3177        1.97
 63.3347        2.30
 63.3517        1.81
 63.3687        2.30
 63.3857        1.81
 63.4027        1.31
 63.4197        2.30
 63.4367        2.46
 63.4537        2.30
 63.4707        2.46
 63.4877        2.46
 63.5047        3.45
 63.5217        3.29
 63.5387        2.79
 63.5557        2.79
 63.5727        2.96
 63.5897        2.14
 63.6067        2.63
 63.6237        2.79
 63.6407        2.96
 63.6577        2.46
 63.6747        2.46
 63.6917        2.30
 63.7087        2.63
 63.7257        1.64
 63.7427        1.97
 63.7597        2.96
 63.7767        3.12
 63.7937        3.12
 63.8107        2.96
 63.8277        3.12
 63.8447        3.45
 63.8617        3.45
 63.8787        4.93
 63.8957        4.76
 63.9127        4.27
 63.9297        6.90
 63.9467        9.36
 63.9637        9.53
 63.9807       10.02
 63.9977       10.84
 64.0147       11.83
 64.0317        8.38
 64.0487        7.06
 64.0657        5.91
 64.0827        4.93
 64.0997        4.60
 64.1167        5.26
 64.1337        6.41
 64.1507        8.87
 64.1677       10.35
 64.1847        8.38
 64.2017        7.06
 64.2187        4.43
 64.2357        3.94
 64.2527        3.78
 64.2697        3.45
 64.2867        3.45
 64.3037        2.30
 64.3207        1.81
 64.3377        1.64
 64.3547        1.48
 64.3717        2.30
 64.3887        2.30
 64.4057        2.46
 64.4227        2.14
 64.4397        2.30
 64.4567        2.46
 64.4737        2.46
 64.4907        3.12
 64.5077        2.63
 64.5247        1.64
 64.5417        2.30
 64.5587        2.79
 64.5757        2.30
 64.5927        1.97
 64.6097        2.30
 64.6267        2.14
 64.6437        2.79
 64.6607        2.79
 64.6777        1.81
 64.6947        3.29
 64.7117        3.45
 64.7287        3.12
 64.7457        1.81
 64.7627        1.81
 64.7797        1.97
 64.7967        1.97
 64.8137        2.30
 64.8307        3.12
 64.8477        1.97
 64.8647        1.64
 64.8817        1.81
 64.8987        1.97
 64.9157        1.97
 64.9327        2.63
 64.9497        2.46
 64.9667        2.63
 64.9837        2.14
 65.0007        1.81
 65.0177        1.64
 65.0347        1.81
 65.0517        1.64
 65.0687        2.14
 65.0857        2.46
 65.1027        2.14
 65.1197        2.30
 65.1367        2.14
 65.1537        1.48
 65.1707        1.31
 65.1877        1.81
 65.2047        2.30
 65.2217        2.14
 65.2387        2.46
 65.2557        2.63
 65.2727        2.46
 65.2897        2.30
 65.3067        2.96
 65.3237        2.63
 65.3407        2.63
 65.3577        2.96
 65.3747        2.79
 65.3917        2.96
 65.4087        2.79
 65.4257        3.12
 65.4427        1.15
 65.4597        3.45
 65.4767        2.63
 65.4937        3.12
 65.5107        2.79
 65.5277        2.30
 65.5447        2.96
 65.5617        2.14
 65.5787        2.30
 65.5957        2.63
 65.6127        3.29
 65.6297        3.12
 65.6467        3.61
 65.6637        4.60
 65.6807        4.60
 65.6977        5.75
 65.7147        7.23
 65.7317        6.73
 65.7487        5.58
 65.7657        4.93
 65.7827        4.76
 65.7997        4.43
 65.8167        3.78
 65.8337        3.29
 65.8507        3.94
 65.8677        4.11
 65.8847        3.12
 65.9017        3.78
 65.9187        4.60
 65.9357        3.94
 65.9527        4.43
 65.9697        2.96
 65.9867        2.79
 66.0037        3.29
 66.0207        2.14
 66.0377        3.29
 66.0547        1.81
 66.0717        1.48
 66.0887        2.30
 66.1057        3.12
 66.1227        3.61
 66.1397        2.46
 66.1567        2.79
 66.1737        2.63
 66.1907        1.31
 66.2077        1.64
 66.2247        1.31
 66.2417        1.31
 66.2587        1.48
 66.2757        3.29
 66.2927        2.79
 66.3097        2.46
 66.3267        2.63
 66.3437        3.29
 66.3607        2.46
 66.3777        2.46
 66.3947        1.97
 66.4117        1.64
 66.4287        1.97
 66.4457        2.46
 66.4627        2.63
 66.4797        2.96
 66.4967        2.96
 66.5137        2.14
 66.5307        1.48
 66.5477        2.14
 66.5647        3.12
 66.5817        3.29
 66.5987        2.63
 66.6157        2.30
 66.6327        2.14
 66.6497        2.63
 66.6667        2.79
 66.6837        2.96
 66.7007        2.63
 66.7177        1.48
 66.7347        2.79
 66.7517        2.79
 66.7687        2.46
 66.7857        1.97
 66.8027        2.63
 66.8197        2.46
 66.8367        1.97
 66.8537        1.97
 66.8707        3.45
 66.8877        3.29
 66.9047        1.81
 66.9217        1.97
 66.9387        1.48
 66.9557        2.14
 66.9727        3.12
 66.9897        1.97
 67.0067        2.14
 67.0237        2.63
 67.0407        1.97
 67.0577        2.30
 67.0747        2.46
 67.0917        2.79
 67.1087        3.12
 67.1257        2.79
 67.1427        1.97
 67.1597        2.14
 67.1767        2.79
 67.1937        2.96
 67.2107        2.96
 67.2277        2.14
 67.2447        1.81
 67.2617        2.46
 67.2787        2.14
 67.2957        2.79
 67.3127        3.29
 67.3297        3.12
 67.3467        3.12
 67.3637        4.60
 67.3807        4.76
 67.3977        5.09
 67.4147        4.43
 67.4317        2.96
 67.4487        3.29
 67.4657        4.60
 67.4827        3.12
 67.4997        4.43
 67.5167        5.26
 67.5337        5.58
 67.5507        6.73
 67.5677        8.71
 67.5847        7.88
 67.6017        9.20
 67.6187       14.45
 67.6357       18.73
 67.6527       25.13
 67.6697       32.52
 67.6867       44.19
 67.7037       46.81
 67.7207       47.14
 67.7377       39.42
 67.7547       30.72
 67.7717       22.67
 67.7887       19.38
 67.8057       18.23
 67.8227       16.26
 67.8397       19.22
 67.8567       24.31
 67.8737       25.62
 67.8907       27.76
 67.9077       29.40
 67.9247       26.12
 67.9417       22.34
 67.9587       16.92
 67.9757       16.43
 67.9927       15.44
 68.0097       17.74
 68.0267       18.56
 68.0437       24.31
 68.0607       32.85
 68.0777       49.11
 68.0947       62.09
 68.1117       64.39
 68.1287       63.57
 68.1457       56.50
 68.1627       44.51
 68.1797       30.88
 68.1967       27.27
 68.2137       29.40
 68.2307       37.61
 68.2477       45.99
 68.2647       56.01
 68.2817       68.99
 68.2987       68.17
 68.3157       57.00
 68.3327       46.81
 68.3497       31.87
 68.3667       21.52
 68.3837       17.90
 68.4007       14.78
 68.4177       16.10
 68.4347       17.90
 68.4517       19.71
 68.4687       19.22
 68.4857       18.40
 68.5027       17.41
 68.5197       12.98
 68.5367        9.69
 68.5537        8.38
 68.5707        6.24
 68.5877        5.26
 68.6047        5.26
 68.6217        4.43
 68.6387        4.11
 68.6557        3.94
 68.6727        2.96
 68.6897        4.11
 68.7067        2.14
 68.7237        2.63
 68.7407        3.45
 68.7577        2.96
 68.7747        2.46
 68.7917        3.45
 68.8087        2.63
 68.8257        1.64
 68.8427        2.30
 68.8597        1.97
 68.8767        3.12
 68.8937        1.31
 68.9107        2.63
 68.9277        2.30
 68.9447        2.79
 68.9617        2.14
 68.9787        2.96
 68.9957        3.45
 69.0127        2.14
 69.0297        2.96
 69.0467        1.81
 69.0637        1.15
 69.0807        3.12
 69.0977        3.29
 69.1147        2.30
 69.1317        2.96
 69.1487        2.79
 69.1657        1.81
 69.1827        1.97
 69.1997        2.14
 69.2167        1.97
 69.2337        2.96
 69.2507        2.96
 69.2677        2.14
 69.2847        2.14
 69.3017        1.48
 69.3187        1.48
 69.3357        1.97
 69.3527        2.30
 69.3697        1.97
 69.3867        1.97
 69.4037        2.63
 69.4207        1.64
 69.4377        2.14
 69.4547        3.12
 69.4717        2.46
 69.4887        2.46
 69.5057        1.97
 69.5227        1.64
 69.5397        1.64
 69.5567        2.63
 69.5737        3.94
 69.5907        2.46
 69.6077        1.97
 69.6247        1.48
 69.6417        2.30
 69.6587        1.97
 69.6757        1.48
 69.6927        2.63
 69.7097        2.14
 69.7267        2.63
 69.7437        2.14
 69.7607        1.81
 69.7777        2.30
 69.7947        2.14
 69.8117        1.31
 69.8287        0.99
 69.8457        2.14
 69.8627        2.79
 69.8797        2.30
 69.8967        1.81
 69.9137        1.64
 69.9307        1.81
 69.9477        2.14
 69.9647        2.46
 69.9817        2.14
